1.0500e+02	2.6086e+01
1.1500e+02	0.0000e+00
1.2500e+02	0.0000e+00
1.3500e+02	0.0000e+00
1.4500e+02	0.0000e+00
1.5500e+02	0.0000e+00
1.6500e+02	0.0000e+00
1.7500e+02	0.0000e+00
1.8500e+02	0.0000e+00
1.9500e+02	0.0000e+00
2.0500e+02	0.0000e+00
2.1500e+02	0.0000e+00
2.2500e+02	0.0000e+00
2.3500e+02	0.0000e+00
2.4500e+02	0.0000e+00
2.5500e+02	0.0000e+00
2.6500e+02	0.0000e+00
2.7500e+02	0.0000e+00
2.8500e+02	0.0000e+00
2.9500e+02	0.0000e+00
3.0500e+02	0.0000e+00
3.1500e+02	0.0000e+00
3.2500e+02	0.0000e+00
3.3500e+02	0.0000e+00
3.4500e+02	0.0000e+00
3.5500e+02	0.0000e+00
3.6500e+02	0.0000e+00
3.7500e+02	0.0000e+00
3.8500e+02	0.0000e+00
3.9500e+02	0.0000e+00
4.0500e+02	0.0000e+00
4.1500e+02	0.0000e+00
4.2500e+02	0.0000e+00
4.3500e+02	0.0000e+00
4.4500e+02	0.0000e+00
4.5500e+02	0.0000e+00
4.6500e+02	0.0000e+00
4.7500e+02	0.0000e+00
4.8500e+02	0.0000e+00
4.9500e+02	0.0000e+00
5.0500e+02	0.0000e+00
5.1500e+02	0.0000e+00
5.2500e+02	0.0000e+00
5.3500e+02	0.0000e+00
5.4500e+02	0.0000e+00
5.5500e+02	0.0000e+00
5.6500e+02	0.0000e+00
5.7500e+02	0.0000e+00
5.8500e+02	0.0000e+00
5.9500e+02	0.0000e+00
6.0500e+02	0.0000e+00
6.1500e+02	0.0000e+00
6.2500e+02	0.0000e+00
6.3500e+02	0.0000e+00
6.4500e+02	0.0000e+00
6.5500e+02	0.0000e+00
6.6500e+02	0.0000e+00
6.7500e+02	0.0000e+00
6.8500e+02	0.0000e+00
6.9500e+02	0.0000e+00
7.0500e+02	0.0000e+00
7.1500e+02	0.0000e+00
7.2500e+02	0.0000e+00
7.3500e+02	0.0000e+00
7.4500e+02	0.0000e+00
7.5500e+02	0.0000e+00
7.6500e+02	0.0000e+00
7.7500e+02	0.0000e+00
7.8500e+02	0.0000e+00
7.9500e+02	0.0000e+00
8.0500e+02	0.0000e+00
8.1500e+02	0.0000e+00
8.2500e+02	0.0000e+00
8.3500e+02	0.0000e+00
8.4500e+02	0.0000e+00
8.5500e+02	0.0000e+00
8.6500e+02	0.0000e+00
8.7500e+02	0.0000e+00
8.8500e+02	0.0000e+00
8.9500e+02	0.0000e+00
9.0500e+02	0.0000e+00
9.1500e+02	0.0000e+00
9.2500e+02	0.0000e+00
9.3500e+02	0.0000e+00
9.4500e+02	0.0000e+00
9.5500e+02	0.0000e+00
9.6500e+02	0.0000e+00
9.7500e+02	0.0000e+00
9.8500e+02	0.0000e+00
9.9500e+02	0.0000e+00
1.0050e+03	0.0000e+00
1.0150e+03	0.0000e+00
1.0250e+03	0.0000e+00
1.0350e+03	0.0000e+00
1.0450e+03	0.0000e+00
1.0550e+03	0.0000e+00
1.0650e+03	0.0000e+00
1.0750e+03	0.0000e+00
1.0850e+03	0.0000e+00
1.0950e+03	0.0000e+00
1.1050e+03	0.0000e+00
1.1150e+03	0.0000e+00
1.1250e+03	0.0000e+00
1.1350e+03	0.0000e+00
1.1450e+03	0.0000e+00
1.1550e+03	0.0000e+00
1.1650e+03	0.0000e+00
1.1750e+03	0.0000e+00
1.1850e+03	0.0000e+00
1.1950e+03	0.0000e+00
1.2050e+03	0.0000e+00
1.2150e+03	0.0000e+00
1.2250e+03	0.0000e+00
1.2350e+03	0.0000e+00
1.2450e+03	0.0000e+00
1.2550e+03	0.0000e+00
1.2650e+03	0.0000e+00
1.2750e+03	0.0000e+00
1.2850e+03	0.0000e+00
1.2950e+03	0.0000e+00
1.3050e+03	0.0000e+00
1.3150e+03	0.0000e+00
1.3250e+03	0.0000e+00
1.3350e+03	0.0000e+00
1.3450e+03	0.0000e+00
1.3550e+03	0.0000e+00
1.3650e+03	0.0000e+00
1.3750e+03	0.0000e+00
1.3850e+03	0.0000e+00
1.3950e+03	0.0000e+00
1.4050e+03	0.0000e+00
1.4150e+03	0.0000e+00
1.4250e+03	0.0000e+00
1.4350e+03	0.0000e+00
1.4450e+03	0.0000e+00
1.4550e+03	0.0000e+00
1.4650e+03	0.0000e+00
1.4750e+03	0.0000e+00
1.4850e+03	0.0000e+00
1.4950e+03	0.0000e+00
1.5050e+03	0.0000e+00
1.5150e+03	0.0000e+00
1.5250e+03	0.0000e+00
1.5350e+03	0.0000e+00
1.5450e+03	0.0000e+00
1.5550e+03	0.0000e+00
1.5650e+03	0.0000e+00
1.5750e+03	0.0000e+00
1.5850e+03	0.0000e+00
1.5950e+03	0.0000e+00
1.6050e+03	0.0000e+00
1.6150e+03	0.0000e+00
1.6250e+03	0.0000e+00
1.6350e+03	0.0000e+00
1.6450e+03	0.0000e+00
1.6550e+03	0.0000e+00
1.6650e+03	0.0000e+00
1.6750e+03	0.0000e+00
1.6850e+03	0.0000e+00
1.6950e+03	0.0000e+00
1.7050e+03	0.0000e+00
1.7150e+03	0.0000e+00
1.7250e+03	0.0000e+00
1.7350e+03	0.0000e+00
1.7450e+03	0.0000e+00
1.7550e+03	0.0000e+00
1.7650e+03	0.0000e+00
1.7750e+03	0.0000e+00
1.7850e+03	0.0000e+00
1.7950e+03	0.0000e+00
1.8050e+03	0.0000e+00
1.8150e+03	0.0000e+00
1.8250e+03	0.0000e+00
1.8350e+03	0.0000e+00
1.8450e+03	0.0000e+00
1.8550e+03	0.0000e+00
1.8650e+03	0.0000e+00
1.8750e+03	0.0000e+00
1.8850e+03	0.0000e+00
1.8950e+03	0.0000e+00
1.9050e+03	0.0000e+00
1.9150e+03	0.0000e+00
1.9250e+03	0.0000e+00
1.9350e+03	0.0000e+00
1.9450e+03	0.0000e+00
1.9550e+03	8.9203e-06
1.9650e+03	0.0000e+00
1.9750e+03	0.0000e+00
1.9850e+03	0.0000e+00
1.9950e+03	0.0000e+00
2.0050e+03	0.0000e+00
2.0150e+03	0.0000e+00
2.0250e+03	0.0000e+00
2.0350e+03	0.0000e+00
2.0450e+03	0.0000e+00
2.0550e+03	0.0000e+00
2.0650e+03	0.0000e+00
2.0750e+03	0.0000e+00
2.0850e+03	4.7335e-05
2.0950e+03	0.0000e+00
2.1050e+03	0.0000e+00
2.1150e+03	0.0000e+00
2.1250e+03	0.0000e+00
2.1350e+03	1.3235e-05
2.1450e+03	0.0000e+00
2.1550e+03	0.0000e+00
2.1650e+03	8.5392e-05
2.1750e+03	0.0000e+00
2.1850e+03	0.0000e+00
2.1950e+03	0.0000e+00
2.2050e+03	0.0000e+00
2.2150e+03	0.0000e+00
2.2250e+03	2.0449e-04
2.2350e+03	6.4944e-05
2.2450e+03	0.0000e+00
2.2550e+03	0.0000e+00
2.2650e+03	0.0000e+00
2.2750e+03	0.0000e+00
2.2850e+03	1.1092e-04
2.2950e+03	0.0000e+00
2.3050e+03	1.0203e-04
2.3150e+03	0.0000e+00
2.3250e+03	9.2091e-05
2.3350e+03	1.2449e-05
2.3450e+03	8.8666e-05
2.3550e+03	4.1228e-05
2.3650e+03	1.0320e-01
2.3750e+03	6.9434e-04
2.3850e+03	0.0000e+00
2.3950e+03	6.7882e-05
2.4050e+03	0.0000e+00
2.4150e+03	6.4574e-04
2.4250e+03	1.0109e-04
2.4350e+03	0.0000e+00
2.4450e+03	9.8710e-02
2.4550e+03	1.5530e-04
2.4650e+03	0.0000e+00
2.4750e+03	0.0000e+00
2.4850e+03	9.9098e-05
2.4950e+03	1.3502e-03
2.5050e+03	1.2022e-02
2.5150e+03	6.6848e-06
2.5250e+03	3.4116e-04
2.5350e+03	7.1714e-04
2.5450e+03	2.4813e-04
2.5550e+03	2.0762e-05
2.5650e+03	1.7735e-03
2.5750e+03	2.5369e-02
2.5850e+03	5.0210e-03
2.5950e+03	4.1654e-02
2.6050e+03	4.8349e-01
2.6150e+03	3.3520e-03
2.6250e+03	3.6578e-01
2.6350e+03	4.7454e-03
2.6450e+03	6.8430e-01
2.6550e+03	6.5466e-01
2.6650e+03	8.8449e-02
2.6750e+03	2.8129e-01
2.6850e+03	2.9795e-01
2.6950e+03	3.0383e-01
2.7050e+03	1.6404e-01
2.7150e+03	2.1211e-01
2.7250e+03	1.0025e+00
2.7350e+03	2.1379e-01
2.7450e+03	2.1869e-01
2.7550e+03	5.8658e-01
2.7650e+03	1.8695e-01
2.7750e+03	6.6409e-02
2.7850e+03	5.9748e-02
2.7950e+03	2.2589e-01
2.8050e+03	3.8171e-01
2.8150e+03	5.1261e-02
2.8250e+03	1.2088e+00
2.8350e+03	1.0616e-01
2.8450e+03	3.3953e-02
2.8550e+03	9.1974e-02
2.8650e+03	5.3309e-02
2.8750e+03	6.2887e-02
2.8850e+03	4.6431e-02
2.8950e+03	1.6590e-01
2.9050e+03	2.7954e-01
2.9150e+03	2.6959e-02
2.9250e+03	6.4637e-02
2.9350e+03	1.7099e-01
2.9450e+03	1.1393e-01
2.9550e+03	4.2572e-01
2.9650e+03	3.0587e-01
2.9750e+03	5.2657e-01
2.9850e+03	8.7372e-01
2.9950e+03	3.1705e-01
3.0050e+03	2.4806e-02
3.0150e+03	2.3845e-01
3.0250e+03	7.7980e-02
3.0350e+03	1.1715e-01
3.0450e+03	1.1829e-01
3.0550e+03	2.8862e-01
3.0650e+03	1.0859e-01
3.0750e+03	2.7979e-01
3.0850e+03	5.8590e-01
3.0950e+03	1.7738e-01
3.1050e+03	4.4353e-01
3.1150e+03	5.0552e-01
3.1250e+03	2.3591e-01
3.1350e+03	4.0279e-01
3.1450e+03	2.6716e-01
3.1550e+03	8.4833e-01
3.1650e+03	9.7948e-01
3.1750e+03	1.9440e-01
3.1850e+03	5.3769e-01
3.1950e+03	2.9532e-01
3.2050e+03	6.0933e-01
3.2150e+03	9.6383e-01
3.2250e+03	1.0503e+00
3.2350e+03	5.6282e-01
3.2450e+03	1.4939e+00
3.2550e+03	1.0350e+00
3.2650e+03	2.2917e+00
3.2750e+03	1.0220e+00
3.2850e+03	2.6816e+00
3.2950e+03	2.4222e+00
3.3050e+03	2.8065e+00
3.3150e+03	2.1835e+00
3.3250e+03	4.2894e+00
3.3350e+03	5.9947e+00
3.3450e+03	5.0635e+00
3.3550e+03	5.9606e+00
3.3650e+03	5.6375e+00
3.3750e+03	4.7492e+00
3.3850e+03	6.2400e+00
3.3950e+03	6.7440e+00
3.4050e+03	6.6823e+00
3.4150e+03	6.4659e+00
3.4250e+03	8.9116e+00
3.4350e+03	1.1920e+01
3.4450e+03	1.0707e+01
3.4550e+03	1.0583e+01
3.4650e+03	1.1431e+01
3.4750e+03	1.4068e+01
3.4850e+03	1.2702e+01
3.4950e+03	1.6882e+01
3.5050e+03	1.6759e+01
3.5150e+03	1.6260e+01
3.5250e+03	2.0077e+01
3.5350e+03	2.7391e+01
3.5450e+03	2.6689e+01
3.5550e+03	3.1312e+01
3.5650e+03	2.8051e+01
3.5750e+03	4.4326e+01
3.5850e+03	4.3763e+01
3.5950e+03	4.7341e+01
3.6050e+03	4.8538e+01
3.6150e+03	4.5536e+01
3.6250e+03	5.2521e+01
3.6350e+03	4.8255e+01
3.6450e+03	5.0317e+01
3.6550e+03	5.5891e+01
3.6650e+03	5.6903e+01
3.6750e+03	6.1092e+01
3.6850e+03	6.2146e+01
3.6950e+03	5.6981e+01
3.7050e+03	5.9310e+01
3.7150e+03	6.9571e+01
3.7250e+03	7.3513e+01
3.7350e+03	6.8535e+01
3.7450e+03	8.2828e+01
3.7550e+03	7.6654e+01
3.7650e+03	8.1365e+01
3.7750e+03	7.9453e+01
3.7850e+03	7.5582e+01
3.7950e+03	1.0869e+02
3.8050e+03	9.2083e+01
3.8150e+03	9.6269e+01
3.8250e+03	1.0124e+02
3.8350e+03	1.0332e+02
3.8450e+03	1.0335e+02
3.8550e+03	1.1863e+02
3.8650e+03	1.0701e+02
3.8750e+03	1.0664e+02
3.8850e+03	1.1378e+02
3.8950e+03	1.1526e+02
3.9050e+03	1.0277e+02
3.9150e+03	1.2607e+02
3.9250e+03	1.2156e+02
3.9350e+03	1.1206e+02
3.9450e+03	1.1672e+02
3.9550e+03	1.1675e+02
3.9650e+03	1.1713e+02
3.9750e+03	1.1759e+02
3.9850e+03	1.1998e+02
3.9950e+03	1.2270e+02
4.0050e+03	1.1436e+02
4.0150e+03	1.2083e+02
4.0250e+03	1.1815e+02
4.0350e+03	1.2278e+02
4.0450e+03	1.1156e+02
4.0550e+03	1.0468e+02
4.0650e+03	1.1036e+02
4.0750e+03	1.0118e+02
4.0850e+03	9.9017e+01
4.0950e+03	9.3858e+01
4.1050e+03	1.0267e+02
4.1150e+03	9.6728e+01
4.1250e+03	8.9740e+01
4.1350e+03	1.0047e+02
4.1450e+03	9.5623e+01
4.1550e+03	9.4944e+01
4.1650e+03	9.6198e+01
4.1750e+03	9.6077e+01
4.1850e+03	1.0497e+02
4.1950e+03	9.1742e+01
4.2050e+03	8.9264e+01
4.2150e+03	9.5656e+01
4.2250e+03	9.2384e+01
4.2350e+03	9.5860e+01
4.2450e+03	9.3292e+01
4.2550e+03	9.0367e+01
4.2650e+03	1.0225e+02
4.2750e+03	1.0247e+02
4.2850e+03	1.0714e+02
4.2950e+03	1.0916e+02
4.3050e+03	1.0402e+02
4.3150e+03	1.1536e+02
4.3250e+03	1.2269e+02
4.3350e+03	1.2178e+02
4.3450e+03	1.2331e+02
4.3550e+03	1.2795e+02
4.3650e+03	1.2032e+02
4.3750e+03	1.4128e+02
4.3850e+03	1.3091e+02
4.3950e+03	1.4499e+02
4.4050e+03	1.4587e+02
4.4150e+03	1.4418e+02
4.4250e+03	1.4023e+02
4.4350e+03	1.4063e+02
4.4450e+03	1.3634e+02
4.4550e+03	1.3435e+02
4.4650e+03	1.3252e+02
4.4750e+03	1.3406e+02
4.4850e+03	1.2308e+02
4.4950e+03	1.1164e+02
4.5050e+03	1.1254e+02
4.5150e+03	1.1181e+02
4.5250e+03	1.1207e+02
4.5350e+03	1.1386e+02
4.5450e+03	9.5214e+01
4.5550e+03	9.6921e+01
4.5650e+03	1.0428e+02
4.5750e+03	1.1682e+02
4.5850e+03	9.8523e+01
4.5950e+03	9.8117e+01
4.6050e+03	9.4537e+01
4.6150e+03	9.4131e+01
4.6250e+03	9.6946e+01
4.6350e+03	8.7910e+01
4.6450e+03	9.1825e+01
4.6550e+03	8.4793e+01
4.6650e+03	8.8297e+01
4.6750e+03	8.2642e+01
4.6850e+03	7.8562e+01
4.6950e+03	7.2838e+01
4.7050e+03	8.5862e+01
4.7150e+03	8.2480e+01
4.7250e+03	8.6313e+01
4.7350e+03	8.5561e+01
4.7450e+03	8.7020e+01
4.7550e+03	8.5707e+01
4.7650e+03	8.6858e+01
4.7750e+03	9.0952e+01
4.7850e+03	7.9527e+01
4.7950e+03	8.4353e+01
4.8050e+03	9.6159e+01
4.8150e+03	9.5118e+01
4.8250e+03	9.9469e+01
4.8350e+03	1.0075e+02
4.8450e+03	1.1105e+02
4.8550e+03	1.0244e+02
4.8650e+03	9.8641e+01
4.8750e+03	9.9026e+01
4.8850e+03	1.1007e+02
4.8950e+03	1.0658e+02
4.9050e+03	1.1621e+02
4.9150e+03	1.1606e+02
4.9250e+03	1.0370e+02
4.9350e+03	1.2288e+02
4.9450e+03	1.1945e+02
4.9550e+03	1.2790e+02
4.9650e+03	1.2456e+02
4.9750e+03	1.2659e+02
4.9850e+03	1.2848e+02
4.9950e+03	1.4466e+02
5.0050e+03	1.2869e+02
5.0150e+03	1.3223e+02
5.0250e+03	1.2924e+02
5.0350e+03	1.3882e+02
5.0450e+03	1.4898e+02
5.0550e+03	1.4971e+02
5.0650e+03	1.4805e+02
5.0750e+03	1.5359e+02
5.0850e+03	1.4703e+02
5.0950e+03	1.5464e+02
5.1050e+03	1.3931e+02
5.1150e+03	1.5171e+02
5.1250e+03	1.6144e+02
5.1350e+03	1.4525e+02
5.1450e+03	1.5801e+02
5.1550e+03	1.4615e+02
5.1650e+03	1.4874e+02
5.1750e+03	1.5716e+02
5.1850e+03	1.6038e+02
5.1950e+03	1.4330e+02
5.2050e+03	1.4595e+02
5.2150e+03	1.3398e+02
5.2250e+03	1.4988e+02
5.2350e+03	1.3979e+02
5.2450e+03	1.4173e+02
5.2550e+03	1.3797e+02
5.2650e+03	1.4758e+02
5.2750e+03	1.3705e+02
5.2850e+03	1.3612e+02
5.2950e+03	1.2661e+02
5.3050e+03	1.3475e+02
5.3150e+03	1.3807e+02
5.3250e+03	1.4781e+02
5.3350e+03	1.3736e+02
5.3450e+03	1.1996e+02
5.3550e+03	1.1999e+02
5.3650e+03	1.3034e+02
5.3750e+03	1.3266e+02
5.3850e+03	1.3110e+02
5.3950e+03	1.3367e+02
5.4050e+03	1.2430e+02
5.4150e+03	1.1887e+02
5.4250e+03	1.1637e+02
5.4350e+03	1.0819e+02
5.4450e+03	1.1997e+02
5.4550e+03	1.1053e+02
5.4650e+03	1.2834e+02
5.4750e+03	1.0778e+02
5.4850e+03	1.1266e+02
5.4950e+03	1.0610e+02
5.5050e+03	1.1189e+02
5.5150e+03	1.1340e+02
5.5250e+03	1.0168e+02
5.5350e+03	1.0759e+02
5.5450e+03	9.4045e+01
5.5550e+03	1.0279e+02
5.5650e+03	9.2758e+01
5.5750e+03	9.5921e+01
5.5850e+03	1.0321e+02
5.5950e+03	9.8774e+01
5.6050e+03	8.6000e+01
5.6150e+03	9.9562e+01
5.6250e+03	8.3784e+01
5.6350e+03	8.7138e+01
5.6450e+03	9.6015e+01
5.6550e+03	8.0172e+01
5.6650e+03	7.7213e+01
5.6750e+03	8.3996e+01
5.6850e+03	8.3973e+01
5.6950e+03	8.1480e+01
5.7050e+03	8.3637e+01
5.7150e+03	6.8446e+01
5.7250e+03	7.8049e+01
5.7350e+03	6.9886e+01
5.7450e+03	7.6993e+01
5.7550e+03	6.2047e+01
5.7650e+03	6.9757e+01
5.7750e+03	7.5556e+01
5.7850e+03	7.4297e+01
5.7950e+03	7.6402e+01
5.8050e+03	8.0749e+01
5.8150e+03	7.5113e+01
5.8250e+03	7.2211e+01
5.8350e+03	7.0965e+01
5.8450e+03	6.1651e+01
5.8550e+03	6.2714e+01
5.8650e+03	6.4659e+01
5.8750e+03	7.2568e+01
5.8850e+03	6.3346e+01
5.8950e+03	6.3465e+01
5.9050e+03	6.3311e+01
5.9150e+03	6.6375e+01
5.9250e+03	6.2780e+01
5.9350e+03	6.7325e+01
5.9450e+03	5.9999e+01
5.9550e+03	6.0310e+01
5.9650e+03	5.7353e+01
5.9750e+03	5.6009e+01
5.9850e+03	6.1397e+01
5.9950e+03	6.3395e+01
6.0050e+03	5.7747e+01
6.0150e+03	6.2459e+01
6.0250e+03	5.9894e+01
6.0350e+03	5.8533e+01
6.0450e+03	5.9960e+01
6.0550e+03	5.7188e+01
6.0650e+03	6.2206e+01
6.0750e+03	7.2598e+01
6.0850e+03	6.2131e+01
6.0950e+03	6.9365e+01
6.1050e+03	6.8556e+01
6.1150e+03	6.5729e+01
6.1250e+03	6.5793e+01
6.1350e+03	6.4373e+01
6.1450e+03	6.6051e+01
6.1550e+03	6.4611e+01
6.1650e+03	7.1618e+01
6.1750e+03	6.6974e+01
6.1850e+03	6.5691e+01
6.1950e+03	6.6359e+01
6.2050e+03	7.1207e+01
6.2150e+03	6.2236e+01
6.2250e+03	6.3407e+01
6.2350e+03	7.0835e+01
6.2450e+03	6.5288e+01
6.2550e+03	6.8679e+01
6.2650e+03	6.7559e+01
6.2750e+03	6.3589e+01
6.2850e+03	7.2416e+01
6.2950e+03	6.7742e+01
6.3050e+03	6.9156e+01
6.3150e+03	6.8829e+01
6.3250e+03	6.2530e+01
6.3350e+03	6.2336e+01
6.3450e+03	6.5566e+01
6.3550e+03	5.9730e+01
6.3650e+03	6.8176e+01
6.3750e+03	5.8798e+01
6.3850e+03	5.4366e+01
6.3950e+03	6.4160e+01
6.4050e+03	5.9737e+01
6.4150e+03	5.8975e+01
6.4250e+03	6.0775e+01
6.4350e+03	6.3835e+01
6.4450e+03	6.5185e+01
6.4550e+03	6.7751e+01
6.4650e+03	6.3889e+01
6.4750e+03	5.6422e+01
6.4850e+03	5.7696e+01
6.4950e+03	5.6489e+01
6.5050e+03	5.9571e+01
6.5150e+03	6.3785e+01
6.5250e+03	5.8172e+01
6.5350e+03	5.2027e+01
6.5450e+03	5.2755e+01
6.5550e+03	4.9192e+01
6.5650e+03	5.7381e+01
6.5750e+03	5.0889e+01
6.5850e+03	4.6166e+01
6.5950e+03	5.3990e+01
6.6050e+03	4.5284e+01
6.6150e+03	3.9310e+01
6.6250e+03	4.2644e+01
6.6350e+03	4.9002e+01
6.6450e+03	4.7946e+01
6.6550e+03	4.6462e+01
6.6650e+03	4.2854e+01
6.6750e+03	4.6163e+01
6.6850e+03	3.7092e+01
6.6950e+03	3.5104e+01
6.7050e+03	4.4734e+01
6.7150e+03	3.3854e+01
6.7250e+03	4.0046e+01
6.7350e+03	3.5858e+01
6.7450e+03	3.2498e+01
6.7550e+03	3.9335e+01
6.7650e+03	3.3264e+01
6.7750e+03	3.2149e+01
6.7850e+03	3.7703e+01
6.7950e+03	3.4387e+01
6.8050e+03	3.2155e+01
6.8150e+03	3.5233e+01
6.8250e+03	2.9859e+01
6.8350e+03	3.1059e+01
6.8450e+03	2.7136e+01
6.8550e+03	3.8898e+01
6.8650e+03	2.9921e+01
6.8750e+03	2.8102e+01
6.8850e+03	3.3651e+01
6.8950e+03	3.1675e+01
6.9050e+03	2.8121e+01
6.9150e+03	2.6124e+01
6.9250e+03	2.0747e+01
6.9350e+03	2.9007e+01
6.9450e+03	2.5399e+01
6.9550e+03	2.3501e+01
6.9650e+03	2.9339e+01
6.9750e+03	2.6491e+01
6.9850e+03	2.5506e+01
6.9950e+03	2.3639e+01
7.0050e+03	2.2966e+01
7.0150e+03	2.7313e+01
7.0250e+03	2.7660e+01
7.0350e+03	2.3131e+01
7.0450e+03	2.3618e+01
7.0550e+03	2.2238e+01
7.0650e+03	2.2575e+01
7.0750e+03	2.1514e+01
7.0850e+03	2.1836e+01
7.0950e+03	2.2303e+01
7.1050e+03	2.2965e+01
7.1150e+03	2.0774e+01
7.1250e+03	2.1233e+01
7.1350e+03	2.0547e+01
7.1450e+03	2.0843e+01
7.1550e+03	2.0525e+01
7.1650e+03	2.2361e+01
7.1750e+03	2.4676e+01
7.1850e+03	1.9116e+01
7.1950e+03	1.7998e+01
7.2050e+03	2.0365e+01
7.2150e+03	1.9099e+01
7.2250e+03	1.7037e+01
7.2350e+03	2.0082e+01
7.2450e+03	1.7148e+01
7.2550e+03	2.1276e+01
7.2650e+03	1.5008e+01
7.2750e+03	2.0587e+01
7.2850e+03	1.7015e+01
7.2950e+03	2.0401e+01
7.3050e+03	1.9243e+01
7.3150e+03	1.9992e+01
7.3250e+03	1.7762e+01
7.3350e+03	2.4314e+01
7.3450e+03	2.2481e+01
7.3550e+03	1.9622e+01
7.3650e+03	2.5453e+01
7.3750e+03	2.4478e+01
7.3850e+03	2.5865e+01
7.3950e+03	2.5171e+01
7.4050e+03	2.0468e+01
7.4150e+03	2.1588e+01
7.4250e+03	2.2706e+01
7.4350e+03	2.3068e+01
7.4450e+03	2.2043e+01
7.4550e+03	2.1137e+01
7.4650e+03	2.2826e+01
7.4750e+03	2.2734e+01
7.4850e+03	2.0013e+01
7.4950e+03	2.7812e+01
7.5050e+03	2.3156e+01
7.5150e+03	2.7252e+01
7.5250e+03	1.8318e+01
7.5350e+03	2.4827e+01
7.5450e+03	2.3897e+01
7.5550e+03	2.5141e+01
7.5650e+03	2.8072e+01
7.5750e+03	2.4454e+01
7.5850e+03	2.4704e+01
7.5950e+03	2.7573e+01
7.6050e+03	2.3684e+01
7.6150e+03	2.8847e+01
7.6250e+03	2.8263e+01
7.6350e+03	2.9663e+01
7.6450e+03	2.9909e+01
7.6550e+03	3.0661e+01
7.6650e+03	2.6186e+01
7.6750e+03	3.6792e+01
7.6850e+03	3.0527e+01
7.6950e+03	2.9390e+01
7.7050e+03	3.0585e+01
7.7150e+03	2.7594e+01
7.7250e+03	3.5405e+01
7.7350e+03	3.2556e+01
7.7450e+03	3.3685e+01
7.7550e+03	3.7581e+01
7.7650e+03	3.4566e+01
7.7750e+03	3.1772e+01
7.7850e+03	3.4794e+01
7.7950e+03	3.7540e+01
7.8050e+03	3.5531e+01
7.8150e+03	3.3468e+01
7.8250e+03	3.7453e+01
7.8350e+03	4.0971e+01
7.8450e+03	3.8344e+01
7.8550e+03	3.4099e+01
7.8650e+03	3.1395e+01
7.8750e+03	4.1285e+01
7.8850e+03	4.5866e+01
7.8950e+03	3.7645e+01
7.9050e+03	3.5516e+01
7.9150e+03	3.8845e+01
7.9250e+03	4.0188e+01
7.9350e+03	4.5030e+01
7.9450e+03	4.2646e+01
7.9550e+03	4.1116e+01
7.9650e+03	4.5171e+01
7.9750e+03	4.5747e+01
7.9850e+03	4.3353e+01
7.9950e+03	4.2829e+01
8.0050e+03	4.7817e+01
8.0150e+03	4.5687e+01
8.0250e+03	3.9020e+01
8.0350e+03	4.7880e+01
8.0450e+03	5.0704e+01
8.0550e+03	4.3037e+01
8.0650e+03	4.8755e+01
8.0750e+03	4.5133e+01
8.0850e+03	4.7604e+01
8.0950e+03	4.8077e+01
8.1050e+03	5.2173e+01
8.1150e+03	4.4548e+01
8.1250e+03	5.1510e+01
8.1350e+03	4.6971e+01
8.1450e+03	4.9830e+01
8.1550e+03	4.5871e+01
8.1650e+03	4.7417e+01
8.1750e+03	5.2226e+01
8.1850e+03	4.9590e+01
8.1950e+03	4.9260e+01
8.2050e+03	5.9855e+01
8.2150e+03	5.1297e+01
8.2250e+03	5.5080e+01
8.2350e+03	5.0917e+01
8.2450e+03	5.0770e+01
8.2550e+03	4.4342e+01
8.2650e+03	5.0139e+01
8.2750e+03	5.5386e+01
8.2850e+03	4.9605e+01
8.2950e+03	5.5687e+01
8.3050e+03	5.0941e+01
8.3150e+03	4.8902e+01
8.3250e+03	5.2608e+01
8.3350e+03	5.3384e+01
8.3450e+03	5.1674e+01
8.3550e+03	5.0329e+01
8.3650e+03	5.4592e+01
8.3750e+03	5.0535e+01
8.3850e+03	5.1046e+01
8.3950e+03	5.2309e+01
8.4050e+03	5.0605e+01
8.4150e+03	5.9666e+01
8.4250e+03	4.7495e+01
8.4350e+03	5.2627e+01
8.4450e+03	5.6245e+01
8.4550e+03	5.0084e+01
8.4650e+03	4.9721e+01
8.4750e+03	4.7302e+01
8.4850e+03	4.6279e+01
8.4950e+03	5.8936e+01
8.5050e+03	4.4199e+01
8.5150e+03	4.9837e+01
8.5250e+03	5.4372e+01
8.5350e+03	5.3324e+01
8.5450e+03	5.1955e+01
8.5550e+03	4.3366e+01
8.5650e+03	4.3825e+01
8.5750e+03	5.2512e+01
8.5850e+03	4.3837e+01
8.5950e+03	4.7648e+01
8.6050e+03	4.9001e+01
8.6150e+03	4.3624e+01
8.6250e+03	4.9510e+01
8.6350e+03	4.2135e+01
8.6450e+03	4.8451e+01
8.6550e+03	4.9191e+01
8.6650e+03	4.5188e+01
8.6750e+03	4.5879e+01
8.6850e+03	4.6436e+01
8.6950e+03	4.5184e+01
8.7050e+03	4.0504e+01
8.7150e+03	4.4492e+01
8.7250e+03	4.2407e+01
8.7350e+03	4.3332e+01
8.7450e+03	4.1550e+01
8.7550e+03	4.6251e+01
8.7650e+03	3.8407e+01
8.7750e+03	3.9808e+01
8.7850e+03	3.7669e+01
8.7950e+03	4.3171e+01
8.8050e+03	3.9796e+01
8.8150e+03	3.9581e+01
8.8250e+03	4.1461e+01
8.8350e+03	3.7677e+01
8.8450e+03	3.5842e+01
8.8550e+03	3.8873e+01
8.8650e+03	4.3119e+01
8.8750e+03	3.3553e+01
8.8850e+03	3.4787e+01
8.8950e+03	3.7633e+01
8.9050e+03	3.8243e+01
8.9150e+03	3.9426e+01
8.9250e+03	3.4142e+01
8.9350e+03	3.8118e+01
8.9450e+03	3.4767e+01
8.9550e+03	3.7780e+01
8.9650e+03	3.7508e+01
8.9750e+03	4.2229e+01
8.9850e+03	3.4931e+01
8.9950e+03	3.2145e+01
9.0050e+03	3.7469e+01
9.0150e+03	3.4122e+01
9.0250e+03	3.8988e+01
9.0350e+03	3.5305e+01
9.0450e+03	3.2235e+01
9.0550e+03	3.1740e+01
9.0650e+03	3.6558e+01
9.0750e+03	3.1898e+01
9.0850e+03	3.5109e+01
9.0950e+03	3.5387e+01
9.1050e+03	3.4469e+01
9.1150e+03	3.8192e+01
9.1250e+03	3.0207e+01
9.1350e+03	3.0390e+01
9.1450e+03	3.0104e+01
9.1550e+03	3.5838e+01
9.1650e+03	3.7034e+01
9.1750e+03	2.6216e+01
9.1850e+03	2.9088e+01
9.1950e+03	2.9806e+01
9.2050e+03	3.0152e+01
9.2150e+03	3.0653e+01
9.2250e+03	3.5438e+01
9.2350e+03	3.1380e+01
9.2450e+03	2.3484e+01
9.2550e+03	2.9993e+01
9.2650e+03	3.1951e+01
9.2750e+03	2.8606e+01
9.2850e+03	3.1870e+01
9.2950e+03	2.5278e+01
9.3050e+03	3.1118e+01
9.3150e+03	2.8915e+01
9.3250e+03	2.6926e+01
9.3350e+03	3.0425e+01
9.3450e+03	3.0551e+01
9.3550e+03	2.8596e+01
9.3650e+03	3.0747e+01
9.3750e+03	2.6795e+01
9.3850e+03	2.8082e+01
9.3950e+03	2.4316e+01
9.4050e+03	2.8363e+01
9.4150e+03	2.2663e+01
9.4250e+03	2.4402e+01
9.4350e+03	2.1377e+01
9.4450e+03	2.4949e+01
9.4550e+03	2.2286e+01
9.4650e+03	2.6344e+01
9.4750e+03	2.1397e+01
9.4850e+03	2.0634e+01
9.4950e+03	2.0244e+01
9.5050e+03	2.1208e+01
9.5150e+03	2.1915e+01
9.5250e+03	2.0399e+01
9.5350e+03	1.9716e+01
9.5450e+03	1.8918e+01
9.5550e+03	2.1202e+01
9.5650e+03	2.4145e+01
9.5750e+03	2.3012e+01
9.5850e+03	2.1290e+01
9.5950e+03	1.9828e+01
9.6050e+03	1.6662e+01
9.6150e+03	1.8831e+01
9.6250e+03	1.7745e+01
9.6350e+03	1.9294e+01
9.6450e+03	1.8050e+01
9.6550e+03	1.6094e+01
9.6650e+03	2.0534e+01
9.6750e+03	1.5362e+01
9.6850e+03	1.5823e+01
9.6950e+03	1.6814e+01
9.7050e+03	1.3950e+01
9.7150e+03	1.3893e+01
9.7250e+03	1.4902e+01
9.7350e+03	1.4575e+01
9.7450e+03	1.6135e+01
9.7550e+03	1.6355e+01
9.7650e+03	1.6164e+01
9.7750e+03	1.7217e+01
9.7850e+03	1.4190e+01
9.7950e+03	1.3128e+01
9.8050e+03	1.5891e+01
9.8150e+03	1.2932e+01
9.8250e+03	1.3902e+01
9.8350e+03	1.3437e+01
9.8450e+03	1.2318e+01
9.8550e+03	1.5559e+01
9.8650e+03	1.3750e+01
9.8750e+03	1.4234e+01
9.8850e+03	1.4398e+01
9.8950e+03	1.3757e+01
9.9050e+03	1.4956e+01
9.9150e+03	1.1213e+01
9.9250e+03	1.0230e+01
9.9350e+03	1.4074e+01
9.9450e+03	1.1464e+01
9.9550e+03	1.2852e+01
9.9650e+03	1.3591e+01
9.9750e+03	1.2681e+01
9.9850e+03	8.7874e+00
9.9950e+03	8.6843e+00
1.0005e+04	1.4712e+01
1.0015e+04	8.8518e+00
1.0025e+04	1.0075e+01
1.0035e+04	1.0308e+01
1.0045e+04	6.6934e+00
1.0055e+04	1.2418e+01
1.0065e+04	1.1256e+01
1.0075e+04	1.1694e+01
1.0085e+04	8.8398e+00
1.0095e+04	9.5588e+00
1.0105e+04	9.8795e+00
1.0115e+04	1.0973e+01
1.0125e+04	1.0390e+01
1.0135e+04	8.8647e+00
1.0145e+04	1.1196e+01
1.0155e+04	1.2141e+01
1.0165e+04	1.0539e+01
1.0175e+04	8.9225e+00
1.0185e+04	9.1806e+00
1.0195e+04	1.0356e+01
1.0205e+04	1.0164e+01
1.0215e+04	6.5932e+00
1.0225e+04	1.3560e+01
1.0235e+04	1.0076e+01
1.0245e+04	7.1627e+00
1.0255e+04	8.0098e+00
1.0265e+04	9.9538e+00
1.0275e+04	1.1173e+01
1.0285e+04	7.6793e+00
1.0295e+04	7.3573e+00
1.0305e+04	9.8945e+00
1.0315e+04	9.7632e+00
1.0325e+04	9.9939e+00
1.0335e+04	1.0448e+01
1.0345e+04	7.7981e+00
1.0355e+04	1.0210e+01
1.0365e+04	8.1698e+00
1.0375e+04	7.3761e+00
1.0385e+04	6.6169e+00
1.0395e+04	9.9961e+00
1.0405e+04	6.8122e+00
1.0415e+04	9.2314e+00
1.0425e+04	7.6480e+00
1.0435e+04	9.5446e+00
1.0445e+04	6.6133e+00
1.0455e+04	7.8960e+00
1.0465e+04	9.3720e+00
1.0475e+04	7.8192e+00
1.0485e+04	8.7204e+00
1.0495e+04	8.2118e+00
1.0505e+04	8.0482e+00
1.0515e+04	8.8483e+00
1.0525e+04	9.9644e+00
1.0535e+04	8.7216e+00
1.0545e+04	5.8985e+00
1.0555e+04	8.8703e+00
1.0565e+04	5.6733e+00
1.0575e+04	6.9291e+00
1.0585e+04	9.4903e+00
1.0595e+04	7.5175e+00
1.0605e+04	7.8191e+00
1.0615e+04	7.8712e+00
1.0625e+04	1.0563e+01
1.0635e+04	9.7765e+00
1.0645e+04	7.6904e+00
1.0655e+04	8.8132e+00
1.0665e+04	7.0649e+00
1.0675e+04	1.1034e+01
1.0685e+04	6.8192e+00
1.0695e+04	7.2581e+00
1.0705e+04	9.2781e+00
1.0715e+04	8.4379e+00
1.0725e+04	9.1096e+00
1.0735e+04	7.7188e+00
1.0745e+04	5.9481e+00
1.0755e+04	8.9466e+00
1.0765e+04	8.8898e+00
1.0775e+04	8.6364e+00
1.0785e+04	8.2120e+00
1.0795e+04	8.7242e+00
1.0805e+04	1.0281e+01
1.0815e+04	8.8375e+00
1.0825e+04	6.7330e+00
1.0835e+04	1.0645e+01
1.0845e+04	7.7184e+00
1.0855e+04	7.6089e+00
1.0865e+04	1.0337e+01
1.0875e+04	1.0730e+01
1.0885e+04	9.2948e+00
1.0895e+04	7.8925e+00
1.0905e+04	1.1061e+01
1.0915e+04	8.9876e+00
1.0925e+04	9.0791e+00
1.0935e+04	7.1655e+00
1.0945e+04	1.0521e+01
1.0955e+04	9.2782e+00
1.0965e+04	7.7447e+00
1.0975e+04	9.9966e+00
1.0985e+04	7.0989e+00
1.0995e+04	1.1317e+01
1.1005e+04	7.7979e+00
1.1015e+04	8.2245e+00
1.1025e+04	9.1191e+00
1.1035e+04	8.6308e+00
1.1045e+04	8.5348e+00
1.1055e+04	7.1117e+00
1.1065e+04	1.2771e+01
1.1075e+04	1.0506e+01
1.1085e+04	1.1750e+01
1.1095e+04	9.3939e+00
1.1105e+04	1.1133e+01
1.1115e+04	6.7852e+00
1.1125e+04	6.5237e+00
1.1135e+04	1.1426e+01
1.1145e+04	1.0822e+01
1.1155e+04	7.5260e+00
1.1165e+04	6.8404e+00
1.1175e+04	9.8852e+00
1.1185e+04	8.8499e+00
1.1195e+04	9.7422e+00
1.1205e+04	1.2514e+01
1.1215e+04	8.4073e+00
1.1225e+04	7.8978e+00
1.1235e+04	9.7446e+00
1.1245e+04	6.9083e+00
1.1255e+04	7.0851e+00
1.1265e+04	8.8851e+00
1.1275e+04	9.9230e+00
1.1285e+04	4.9060e+00
1.1295e+04	8.6720e+00
1.1305e+04	6.7593e+00
1.1315e+04	7.0361e+00
1.1325e+04	8.4085e+00
1.1335e+04	6.8251e+00
1.1345e+04	1.1008e+01
1.1355e+04	8.5580e+00
1.1365e+04	6.6085e+00
1.1375e+04	7.5858e+00
1.1385e+04	8.0921e+00
1.1395e+04	6.0752e+00
1.1405e+04	6.0556e+00
1.1415e+04	6.9883e+00
1.1425e+04	7.7503e+00
1.1435e+04	5.3545e+00
1.1445e+04	7.3713e+00
1.1455e+04	5.5693e+00
1.1465e+04	4.5334e+00
1.1475e+04	8.1750e+00
1.1485e+04	6.6844e+00
1.1495e+04	4.9361e+00
1.1505e+04	7.0528e+00
1.1515e+04	5.8906e+00
1.1525e+04	6.0309e+00
1.1535e+04	6.0571e+00
1.1545e+04	5.9052e+00
1.1555e+04	7.2636e+00
1.1565e+04	1.0094e+01
1.1575e+04	4.6406e+00
1.1585e+04	8.0723e+00
1.1595e+04	6.8094e+00
1.1605e+04	4.6514e+00
1.1615e+04	4.3965e+00
1.1625e+04	6.9867e+00
1.1635e+04	4.3204e+00
1.1645e+04	5.0573e+00
1.1655e+04	6.1778e+00
1.1665e+04	4.2901e+00
1.1675e+04	6.9297e+00
1.1685e+04	7.9240e+00
1.1695e+04	5.8783e+00
1.1705e+04	5.2665e+00
1.1715e+04	8.1909e+00
1.1725e+04	6.6552e+00
1.1735e+04	6.5015e+00
1.1745e+04	4.8789e+00
1.1755e+04	3.5809e+00
1.1765e+04	7.3608e+00
1.1775e+04	6.8464e+00
1.1785e+04	4.5928e+00
1.1795e+04	6.3355e+00
1.1805e+04	4.9763e+00
1.1815e+04	5.5741e+00
1.1825e+04	5.4604e+00
1.1835e+04	6.6778e+00
1.1845e+04	3.4827e+00
1.1855e+04	3.5290e+00
1.1865e+04	4.2042e+00
1.1875e+04	5.6468e+00
1.1885e+04	6.7778e+00
1.1895e+04	4.7631e+00
1.1905e+04	4.3090e+00
1.1915e+04	5.2239e+00
1.1925e+04	6.2491e+00
1.1935e+04	4.8906e+00
1.1945e+04	5.8391e+00
1.1955e+04	4.8617e+00
1.1965e+04	4.3643e+00
1.1975e+04	4.5793e+00
1.1985e+04	5.8600e+00
1.1995e+04	2.7307e+00
1.2005e+04	5.5820e+00
1.2015e+04	3.1302e+00
1.2025e+04	4.9771e+00
1.2035e+04	4.6614e+00
1.2045e+04	3.8742e+00
1.2055e+04	4.1538e+00
1.2065e+04	4.2453e+00
1.2075e+04	3.8395e+00
1.2085e+04	2.9691e+00
1.2095e+04	5.7675e+00
1.2105e+04	4.6054e+00
1.2115e+04	5.6154e+00
1.2125e+04	2.7487e+00
1.2135e+04	6.1092e+00
1.2145e+04	9.3160e+00
1.2155e+04	2.1837e+00
1.2165e+04	3.1630e+00
1.2175e+04	3.2812e+00
1.2185e+04	5.4779e+00
1.2195e+04	3.4605e+00
1.2205e+04	4.9691e+00
1.2215e+04	2.9977e+00
1.2225e+04	5.6434e+00
1.2235e+04	3.0866e+00
1.2245e+04	4.1564e+00
1.2255e+04	3.2436e+00
1.2265e+04	2.7944e+00
1.2275e+04	4.1063e+00
1.2285e+04	3.8305e+00
1.2295e+04	1.9043e+00
1.2305e+04	3.4840e+00
1.2315e+04	4.5810e+00
1.2325e+04	1.8012e+00
1.2335e+04	5.1275e+00
1.2345e+04	3.3466e+00
1.2355e+04	5.1997e+00
1.2365e+04	3.2182e+00
1.2375e+04	3.1268e+00
1.2385e+04	6.3425e+00
1.2395e+04	3.2132e+00
1.2405e+04	5.0736e+00
1.2415e+04	4.3513e+00
1.2425e+04	3.8076e+00
1.2435e+04	3.1459e+00
1.2445e+04	2.1146e+00
1.2455e+04	4.3656e+00
1.2465e+04	5.4948e+00
1.2475e+04	4.5238e+00
1.2485e+04	3.7194e+00
1.2495e+04	3.9008e+00
1.2505e+04	3.9800e+00
1.2515e+04	2.8050e+00
1.2525e+04	3.5005e+00
1.2535e+04	4.1513e+00
1.2545e+04	1.7628e+00
1.2555e+04	3.3561e+00
1.2565e+04	4.9237e+00
1.2575e+04	3.9637e+00
1.2585e+04	2.9248e+00
1.2595e+04	3.7096e+00
1.2605e+04	3.1549e+00
1.2615e+04	1.7564e+00
1.2625e+04	2.2239e+00
1.2635e+04	3.3325e+00
1.2645e+04	5.0644e+00
1.2655e+04	2.3476e+00
1.2665e+04	5.1105e+00
1.2675e+04	3.4418e+00
1.2685e+04	1.3422e+00
1.2695e+04	3.9053e+00
1.2705e+04	2.1573e+00
1.2715e+04	4.0675e+00
1.2725e+04	1.7867e+00
1.2735e+04	3.4886e+00
1.2745e+04	1.7121e+00
1.2755e+04	2.2773e+00
1.2765e+04	3.0715e+00
1.2775e+04	3.3130e+00
1.2785e+04	5.0269e+00
1.2795e+04	2.6469e+00
1.2805e+04	2.5330e+00
1.2815e+04	2.9226e+00
1.2825e+04	3.4849e+00
1.2835e+04	3.4585e+00
1.2845e+04	3.5881e+00
1.2855e+04	3.8470e+00
1.2865e+04	1.3702e+00
1.2875e+04	1.8733e+00
1.2885e+04	2.9212e+00
1.2895e+04	2.7000e+00
1.2905e+04	3.6034e+00
1.2915e+04	5.6321e+00
1.2925e+04	3.4099e+00
1.2935e+04	1.8001e+00
1.2945e+04	4.3697e+00
1.2955e+04	3.1657e+00
1.2965e+04	5.2688e+00
1.2975e+04	2.0490e+00
1.2985e+04	1.8674e+00
1.2995e+04	4.6726e+00
1.3005e+04	2.8234e+00
1.3015e+04	4.0621e+00
1.3025e+04	3.5509e+00
1.3035e+04	3.0393e+00
1.3045e+04	2.5158e+00
1.3055e+04	2.5086e+00
1.3065e+04	3.7879e+00
1.3075e+04	2.1009e+00
1.3085e+04	1.4448e+00
1.3095e+04	1.2753e+00
1.3105e+04	2.9599e+00
1.3115e+04	2.9057e+00
1.3125e+04	1.4021e+00
1.3135e+04	3.2815e+00
1.3145e+04	2.2842e+00
1.3155e+04	3.2392e+00
1.3165e+04	1.0374e+00
1.3175e+04	1.8126e+00
1.3185e+04	1.0144e+00
1.3195e+04	3.0814e+00
1.3205e+04	2.5009e+00
1.3215e+04	2.7036e+00
1.3225e+04	2.0309e+00
1.3235e+04	1.3718e+00
1.3245e+04	1.3529e+00
1.3255e+04	2.9060e+00
1.3265e+04	4.7867e+00
1.3275e+04	1.4928e+00
1.3285e+04	2.2328e+00
1.3295e+04	2.8001e+00
1.3305e+04	2.3413e+00
1.3315e+04	2.1514e+00
1.3325e+04	2.9343e+00
1.3335e+04	1.4707e+00
1.3345e+04	2.7524e+00
1.3355e+04	2.3457e+00
1.3365e+04	1.7306e+00
1.3375e+04	2.9442e+00
1.3385e+04	1.7729e+00
1.3395e+04	2.5983e+00
1.3405e+04	3.5472e+00
1.3415e+04	2.0927e+00
1.3425e+04	1.2998e+00
1.3435e+04	2.3868e+00
1.3445e+04	2.0219e+00
1.3455e+04	3.2091e+00
1.3465e+04	2.4503e+00
1.3475e+04	2.4525e+00
1.3485e+04	4.1747e+00
1.3495e+04	1.9764e+00
1.3505e+04	2.8621e+00
1.3515e+04	2.2962e+00
1.3525e+04	2.0901e+00
1.3535e+04	1.0508e+00
1.3545e+04	1.7981e+00
1.3555e+04	3.3803e+00
1.3565e+04	2.9125e+00
1.3575e+04	1.1790e+00
1.3585e+04	1.8991e+00
1.3595e+04	3.0339e+00
1.3605e+04	1.8397e+00
1.3615e+04	2.9693e+00
1.3625e+04	2.4939e+00
1.3635e+04	1.2719e+00
1.3645e+04	1.4754e+00
1.3655e+04	2.9855e+00
1.3665e+04	1.0167e+00
1.3675e+04	3.6356e+00
1.3685e+04	7.4297e-01
1.3695e+04	7.3979e-01
1.3705e+04	1.9226e+00
1.3715e+04	3.8659e+00
1.3725e+04	1.5382e+00
1.3735e+04	7.3926e-01
1.3745e+04	1.8786e+00
1.3755e+04	2.1246e+00
1.3765e+04	3.0246e+00
1.3775e+04	1.6471e+00
1.3785e+04	3.9751e+00
1.3795e+04	2.8806e+00
1.3805e+04	2.6178e+00
1.3815e+04	1.1085e+00
1.3825e+04	1.6811e+00
1.3835e+04	2.3925e+00
1.3845e+04	2.2483e+00
1.3855e+04	3.3261e+00
1.3865e+04	1.2462e+00
1.3875e+04	1.6173e+00
1.3885e+04	8.2837e-01
1.3895e+04	1.1113e+00
1.3905e+04	1.4699e+00
1.3915e+04	1.2737e+00
1.3925e+04	1.4386e+00
1.3935e+04	1.3889e+00
1.3945e+04	3.2481e+00
1.3955e+04	2.2197e+00
1.3965e+04	1.9918e+00
1.3975e+04	1.2880e+00
1.3985e+04	1.4096e+00
1.3995e+04	1.3566e+00
1.4005e+04	1.1455e+00
1.4015e+04	3.4785e+00
1.4025e+04	1.7035e+00
1.4035e+04	1.1570e+00
1.4045e+04	1.3315e+00
1.4055e+04	2.1422e+00
1.4065e+04	2.3221e+00
1.4075e+04	1.5454e+00
1.4085e+04	5.4560e-01
1.4095e+04	1.9438e+00
1.4105e+04	1.5151e+00
1.4115e+04	3.8071e+00
1.4125e+04	1.1864e+00
1.4135e+04	1.3287e+00
1.4145e+04	1.2496e+00
1.4155e+04	1.7138e+00
1.4165e+04	2.3902e+00
1.4175e+04	1.6103e+00
1.4185e+04	1.4087e+00
1.4195e+04	1.5417e+00
1.4205e+04	2.1596e+00
1.4215e+04	1.9339e+00
1.4225e+04	1.8786e+00
1.4235e+04	1.8887e+00
1.4245e+04	1.3993e+00
1.4255e+04	2.1112e+00
1.4265e+04	1.2608e+00
1.4275e+04	2.5371e+00
1.4285e+04	1.3701e+00
1.4295e+04	2.3099e+00
1.4305e+04	2.5991e+00
1.4315e+04	6.7468e-01
1.4325e+04	1.5575e+00
1.4335e+04	8.7990e-01
1.4345e+04	7.9371e-01
1.4355e+04	1.7868e+00
1.4365e+04	1.8421e+00
1.4375e+04	1.1436e+00
1.4385e+04	1.3331e+00
1.4395e+04	1.6125e+00
1.4405e+04	1.1919e+00
1.4415e+04	1.5250e+00
1.4425e+04	6.7298e-01
1.4435e+04	1.9938e+00
1.4445e+04	8.3262e-01
1.4455e+04	2.7001e+00
1.4465e+04	7.9295e-01
1.4475e+04	1.7293e+00
1.4485e+04	3.8867e+00
1.4495e+04	6.3706e-01
1.4505e+04	1.0317e+00
1.4515e+04	1.9018e+00
1.4525e+04	1.5737e+00
1.4535e+04	2.7790e-01
1.4545e+04	5.2987e-01
1.4555e+04	2.0695e+00
1.4565e+04	2.1373e+00
1.4575e+04	1.5095e+00
1.4585e+04	1.7611e+00
1.4595e+04	2.1753e+00
1.4605e+04	1.5424e+00
1.4615e+04	3.6705e+00
1.4625e+04	1.6742e+00
1.4635e+04	4.1964e-01
1.4645e+04	2.0914e+00
1.4655e+04	2.1074e+00
1.4665e+04	1.0013e+00
1.4675e+04	1.7089e+00
1.4685e+04	8.6320e-01
1.4695e+04	6.9349e-01
1.4705e+04	1.4368e+00
1.4715e+04	2.7059e+00
1.4725e+04	8.3835e-01
1.4735e+04	1.4821e+00
1.4745e+04	3.0442e+00
1.4755e+04	2.7656e+00
1.4765e+04	1.1270e+00
1.4775e+04	2.6919e+00
1.4785e+04	6.6776e-01
1.4795e+04	1.1268e+00
1.4805e+04	1.1553e+00
1.4815e+04	1.4143e+00
1.4825e+04	1.8225e+00
1.4835e+04	7.6939e-01
1.4845e+04	2.8668e+00
1.4855e+04	4.9139e-01
1.4865e+04	2.0136e+00
1.4875e+04	1.5884e+00
1.4885e+04	2.5115e+00
1.4895e+04	7.0723e-01
1.4905e+04	1.6125e+00
1.4915e+04	1.2597e+00
1.4925e+04	2.5106e+00
1.4935e+04	2.3367e+00
1.4945e+04	1.0002e+00
1.4955e+04	2.4616e+00
1.4965e+04	2.7312e+00
1.4975e+04	1.4249e+00
1.4985e+04	1.4803e+00
1.4995e+04	5.4988e-01
1.5005e+04	2.6345e+00
