1.0500e+02	3.1670e-01
1.1500e+02	0.0000e+00
1.2500e+02	0.0000e+00
1.3500e+02	0.0000e+00
1.4500e+02	0.0000e+00
1.5500e+02	0.0000e+00
1.6500e+02	0.0000e+00
1.7500e+02	0.0000e+00
1.8500e+02	0.0000e+00
1.9500e+02	0.0000e+00
2.0500e+02	0.0000e+00
2.1500e+02	0.0000e+00
2.2500e+02	0.0000e+00
2.3500e+02	0.0000e+00
2.4500e+02	0.0000e+00
2.5500e+02	0.0000e+00
2.6500e+02	0.0000e+00
2.7500e+02	0.0000e+00
2.8500e+02	0.0000e+00
2.9500e+02	0.0000e+00
3.0500e+02	0.0000e+00
3.1500e+02	0.0000e+00
3.2500e+02	0.0000e+00
3.3500e+02	0.0000e+00
3.4500e+02	0.0000e+00
3.5500e+02	0.0000e+00
3.6500e+02	0.0000e+00
3.7500e+02	0.0000e+00
3.8500e+02	0.0000e+00
3.9500e+02	0.0000e+00
4.0500e+02	0.0000e+00
4.1500e+02	0.0000e+00
4.2500e+02	0.0000e+00
4.3500e+02	0.0000e+00
4.4500e+02	0.0000e+00
4.5500e+02	0.0000e+00
4.6500e+02	0.0000e+00
4.7500e+02	0.0000e+00
4.8500e+02	0.0000e+00
4.9500e+02	0.0000e+00
5.0500e+02	0.0000e+00
5.1500e+02	0.0000e+00
5.2500e+02	0.0000e+00
5.3500e+02	0.0000e+00
5.4500e+02	0.0000e+00
5.5500e+02	0.0000e+00
5.6500e+02	0.0000e+00
5.7500e+02	0.0000e+00
5.8500e+02	0.0000e+00
5.9500e+02	0.0000e+00
6.0500e+02	0.0000e+00
6.1500e+02	0.0000e+00
6.2500e+02	0.0000e+00
6.3500e+02	0.0000e+00
6.4500e+02	0.0000e+00
6.5500e+02	0.0000e+00
6.6500e+02	0.0000e+00
6.7500e+02	0.0000e+00
6.8500e+02	0.0000e+00
6.9500e+02	0.0000e+00
7.0500e+02	0.0000e+00
7.1500e+02	0.0000e+00
7.2500e+02	0.0000e+00
7.3500e+02	0.0000e+00
7.4500e+02	0.0000e+00
7.5500e+02	0.0000e+00
7.6500e+02	0.0000e+00
7.7500e+02	0.0000e+00
7.8500e+02	0.0000e+00
7.9500e+02	0.0000e+00
8.0500e+02	0.0000e+00
8.1500e+02	0.0000e+00
8.2500e+02	0.0000e+00
8.3500e+02	0.0000e+00
8.4500e+02	0.0000e+00
8.5500e+02	0.0000e+00
8.6500e+02	0.0000e+00
8.7500e+02	0.0000e+00
8.8500e+02	0.0000e+00
8.9500e+02	0.0000e+00
9.0500e+02	0.0000e+00
9.1500e+02	0.0000e+00
9.2500e+02	0.0000e+00
9.3500e+02	0.0000e+00
9.4500e+02	0.0000e+00
9.5500e+02	0.0000e+00
9.6500e+02	0.0000e+00
9.7500e+02	0.0000e+00
9.8500e+02	0.0000e+00
9.9500e+02	0.0000e+00
1.0050e+03	0.0000e+00
1.0150e+03	0.0000e+00
1.0250e+03	0.0000e+00
1.0350e+03	0.0000e+00
1.0450e+03	0.0000e+00
1.0550e+03	0.0000e+00
1.0650e+03	0.0000e+00
1.0750e+03	0.0000e+00
1.0850e+03	0.0000e+00
1.0950e+03	0.0000e+00
1.1050e+03	0.0000e+00
1.1150e+03	0.0000e+00
1.1250e+03	0.0000e+00
1.1350e+03	0.0000e+00
1.1450e+03	0.0000e+00
1.1550e+03	0.0000e+00
1.1650e+03	0.0000e+00
1.1750e+03	0.0000e+00
1.1850e+03	0.0000e+00
1.1950e+03	0.0000e+00
1.2050e+03	0.0000e+00
1.2150e+03	0.0000e+00
1.2250e+03	0.0000e+00
1.2350e+03	0.0000e+00
1.2450e+03	0.0000e+00
1.2550e+03	0.0000e+00
1.2650e+03	0.0000e+00
1.2750e+03	0.0000e+00
1.2850e+03	0.0000e+00
1.2950e+03	0.0000e+00
1.3050e+03	0.0000e+00
1.3150e+03	0.0000e+00
1.3250e+03	0.0000e+00
1.3350e+03	0.0000e+00
1.3450e+03	0.0000e+00
1.3550e+03	0.0000e+00
1.3650e+03	0.0000e+00
1.3750e+03	0.0000e+00
1.3850e+03	0.0000e+00
1.3950e+03	0.0000e+00
1.4050e+03	0.0000e+00
1.4150e+03	0.0000e+00
1.4250e+03	0.0000e+00
1.4350e+03	0.0000e+00
1.4450e+03	0.0000e+00
1.4550e+03	0.0000e+00
1.4650e+03	0.0000e+00
1.4750e+03	0.0000e+00
1.4850e+03	0.0000e+00
1.4950e+03	0.0000e+00
1.5050e+03	0.0000e+00
1.5150e+03	0.0000e+00
1.5250e+03	0.0000e+00
1.5350e+03	0.0000e+00
1.5450e+03	0.0000e+00
1.5550e+03	0.0000e+00
1.5650e+03	0.0000e+00
1.5750e+03	0.0000e+00
1.5850e+03	0.0000e+00
1.5950e+03	0.0000e+00
1.6050e+03	0.0000e+00
1.6150e+03	0.0000e+00
1.6250e+03	0.0000e+00
1.6350e+03	0.0000e+00
1.6450e+03	0.0000e+00
1.6550e+03	0.0000e+00
1.6650e+03	0.0000e+00
1.6750e+03	0.0000e+00
1.6850e+03	0.0000e+00
1.6950e+03	0.0000e+00
1.7050e+03	0.0000e+00
1.7150e+03	0.0000e+00
1.7250e+03	0.0000e+00
1.7350e+03	0.0000e+00
1.7450e+03	0.0000e+00
1.7550e+03	0.0000e+00
1.7650e+03	0.0000e+00
1.7750e+03	0.0000e+00
1.7850e+03	0.0000e+00
1.7950e+03	0.0000e+00
1.8050e+03	0.0000e+00
1.8150e+03	0.0000e+00
1.8250e+03	0.0000e+00
1.8350e+03	0.0000e+00
1.8450e+03	0.0000e+00
1.8550e+03	0.0000e+00
1.8650e+03	0.0000e+00
1.8750e+03	0.0000e+00
1.8850e+03	0.0000e+00
1.8950e+03	0.0000e+00
1.9050e+03	0.0000e+00
1.9150e+03	0.0000e+00
1.9250e+03	0.0000e+00
1.9350e+03	0.0000e+00
1.9450e+03	0.0000e+00
1.9550e+03	0.0000e+00
1.9650e+03	0.0000e+00
1.9750e+03	0.0000e+00
1.9850e+03	0.0000e+00
1.9950e+03	0.0000e+00
2.0050e+03	0.0000e+00
2.0150e+03	0.0000e+00
2.0250e+03	0.0000e+00
2.0350e+03	0.0000e+00
2.0450e+03	0.0000e+00
2.0550e+03	0.0000e+00
2.0650e+03	0.0000e+00
2.0750e+03	0.0000e+00
2.0850e+03	0.0000e+00
2.0950e+03	0.0000e+00
2.1050e+03	0.0000e+00
2.1150e+03	0.0000e+00
2.1250e+03	0.0000e+00
2.1350e+03	0.0000e+00
2.1450e+03	0.0000e+00
2.1550e+03	0.0000e+00
2.1650e+03	0.0000e+00
2.1750e+03	0.0000e+00
2.1850e+03	0.0000e+00
2.1950e+03	0.0000e+00
2.2050e+03	0.0000e+00
2.2150e+03	0.0000e+00
2.2250e+03	0.0000e+00
2.2350e+03	0.0000e+00
2.2450e+03	0.0000e+00
2.2550e+03	0.0000e+00
2.2650e+03	0.0000e+00
2.2750e+03	0.0000e+00
2.2850e+03	0.0000e+00
2.2950e+03	0.0000e+00
2.3050e+03	0.0000e+00
2.3150e+03	0.0000e+00
2.3250e+03	0.0000e+00
2.3350e+03	0.0000e+00
2.3450e+03	0.0000e+00
2.3550e+03	0.0000e+00
2.3650e+03	0.0000e+00
2.3750e+03	0.0000e+00
2.3850e+03	0.0000e+00
2.3950e+03	0.0000e+00
2.4050e+03	0.0000e+00
2.4150e+03	0.0000e+00
2.4250e+03	0.0000e+00
2.4350e+03	0.0000e+00
2.4450e+03	0.0000e+00
2.4550e+03	0.0000e+00
2.4650e+03	0.0000e+00
2.4750e+03	0.0000e+00
2.4850e+03	0.0000e+00
2.4950e+03	0.0000e+00
2.5050e+03	0.0000e+00
2.5150e+03	0.0000e+00
2.5250e+03	4.9527e-06
2.5350e+03	7.3690e-07
2.5450e+03	1.4403e-05
2.5550e+03	6.7854e-07
2.5650e+03	0.0000e+00
2.5750e+03	0.0000e+00
2.5850e+03	3.0640e-06
2.5950e+03	0.0000e+00
2.6050e+03	8.5577e-06
2.6150e+03	9.2548e-07
2.6250e+03	0.0000e+00
2.6350e+03	0.0000e+00
2.6450e+03	0.0000e+00
2.6550e+03	7.6201e-06
2.6650e+03	1.3103e-05
2.6750e+03	0.0000e+00
2.6850e+03	1.5792e-06
2.6950e+03	3.2043e-05
2.7050e+03	0.0000e+00
2.7150e+03	3.8764e-05
2.7250e+03	8.8884e-06
2.7350e+03	3.8000e-06
2.7450e+03	1.5989e-05
2.7550e+03	3.2712e-05
2.7650e+03	0.0000e+00
2.7750e+03	1.2411e-05
2.7850e+03	2.3804e-06
2.7950e+03	1.4737e-05
2.8050e+03	1.0472e-05
2.8150e+03	4.2008e-05
2.8250e+03	5.1983e-06
2.8350e+03	1.9238e-05
2.8450e+03	4.5065e-05
2.8550e+03	3.2103e-05
2.8650e+03	3.2616e-06
2.8750e+03	6.0340e-06
2.8850e+03	7.7333e-06
2.8950e+03	5.9301e-06
2.9050e+03	1.6087e-03
2.9150e+03	2.5034e-05
2.9250e+03	1.7140e-05
2.9350e+03	5.6477e-06
2.9450e+03	6.9400e-05
2.9550e+03	3.5246e-02
2.9650e+03	3.4472e-05
2.9750e+03	3.0687e-05
2.9850e+03	2.2402e-05
2.9950e+03	3.5490e-05
3.0050e+03	6.9406e-05
3.0150e+03	2.0851e-03
3.0250e+03	9.7694e-05
3.0350e+03	7.1157e-05
3.0450e+03	6.9484e-05
3.0550e+03	1.6200e-04
3.0650e+03	1.7689e-04
3.0750e+03	8.1826e-05
3.0850e+03	8.9827e-05
3.0950e+03	1.5766e-04
3.1050e+03	6.7537e-05
3.1150e+03	4.6397e-05
3.1250e+03	5.7307e-05
3.1350e+03	1.5975e-04
3.1450e+03	1.4302e-04
3.1550e+03	1.0086e-04
3.1650e+03	1.9589e-02
3.1750e+03	1.5386e-04
3.1850e+03	2.0603e-04
3.1950e+03	5.8187e-04
3.2050e+03	1.4273e-04
3.2150e+03	7.0850e-05
3.2250e+03	2.8840e-04
3.2350e+03	2.4636e-04
3.2450e+03	2.8914e-03
3.2550e+03	1.4806e-04
3.2650e+03	3.2815e-02
3.2750e+03	3.4065e-04
3.2850e+03	2.9223e-04
3.2950e+03	2.7701e-04
3.3050e+03	2.1620e-04
3.3150e+03	2.2149e-04
3.3250e+03	2.7453e-02
3.3350e+03	4.6144e-04
3.3450e+03	2.8077e-04
3.3550e+03	2.6879e-03
3.3650e+03	3.0887e-03
3.3750e+03	2.4351e-03
3.3850e+03	2.3117e-02
3.3950e+03	1.0826e-02
3.4050e+03	1.9237e-01
3.4150e+03	1.0877e-03
3.4250e+03	6.7775e-04
3.4350e+03	1.6269e-01
3.4450e+03	3.5337e-01
3.4550e+03	1.3336e-03
3.4650e+03	3.9967e-02
3.4750e+03	4.0130e-01
3.4850e+03	7.5107e-02
3.4950e+03	6.7847e-02
3.5050e+03	6.6577e-03
3.5150e+03	5.7366e-02
3.5250e+03	1.5007e-01
3.5350e+03	4.2400e-02
3.5450e+03	1.0086e-03
3.5550e+03	9.2958e-02
3.5650e+03	5.7641e-03
3.5750e+03	2.3228e-02
3.5850e+03	5.9897e-02
3.5950e+03	3.5334e-02
3.6050e+03	1.0448e-02
3.6150e+03	2.5621e-01
3.6250e+03	3.6891e-01
3.6350e+03	4.8821e-01
3.6450e+03	1.5552e-02
3.6550e+03	1.7669e-01
3.6650e+03	2.7376e-01
3.6750e+03	7.2670e-02
3.6850e+03	4.1481e-01
3.6950e+03	3.3062e-01
3.7050e+03	2.0739e-01
3.7150e+03	3.9041e-01
3.7250e+03	8.5527e-01
3.7350e+03	5.1133e-01
3.7450e+03	5.9529e-01
3.7550e+03	6.8890e-01
3.7650e+03	1.3271e+00
3.7750e+03	6.1295e-01
3.7850e+03	3.0261e+00
3.7950e+03	1.3826e+00
3.8050e+03	1.8184e+00
3.8150e+03	1.0438e+00
3.8250e+03	1.4100e+00
3.8350e+03	2.0590e+00
3.8450e+03	2.6610e+00
3.8550e+03	2.1999e+00
3.8650e+03	1.8388e+00
3.8750e+03	1.7692e+00
3.8850e+03	2.9960e+00
3.8950e+03	6.4201e+00
3.9050e+03	4.0492e+00
3.9150e+03	3.0590e+00
3.9250e+03	6.1177e+00
3.9350e+03	6.0417e+00
3.9450e+03	4.7289e+00
3.9550e+03	4.9181e+00
3.9650e+03	4.4779e+00
3.9750e+03	6.4568e+00
3.9850e+03	5.2278e+00
3.9950e+03	5.9247e+00
4.0050e+03	7.0561e+00
4.0150e+03	8.1984e+00
4.0250e+03	6.5022e+00
4.0350e+03	6.2895e+00
4.0450e+03	7.8100e+00
4.0550e+03	7.3470e+00
4.0650e+03	5.8401e+00
4.0750e+03	8.1143e+00
4.0850e+03	9.6814e+00
4.0950e+03	1.1391e+01
4.1050e+03	8.5179e+00
4.1150e+03	1.0628e+01
4.1250e+03	1.2771e+01
4.1350e+03	1.1776e+01
4.1450e+03	1.3177e+01
4.1550e+03	1.2421e+01
4.1650e+03	1.3237e+01
4.1750e+03	1.5843e+01
4.1850e+03	1.7446e+01
4.1950e+03	1.7161e+01
4.2050e+03	1.7160e+01
4.2150e+03	1.4670e+01
4.2250e+03	1.7247e+01
4.2350e+03	1.6564e+01
4.2450e+03	1.9604e+01
4.2550e+03	2.0335e+01
4.2650e+03	1.8312e+01
4.2750e+03	1.7164e+01
4.2850e+03	1.7796e+01
4.2950e+03	1.6761e+01
4.3050e+03	1.7231e+01
4.3150e+03	1.9540e+01
4.3250e+03	1.8786e+01
4.3350e+03	2.0508e+01
4.3450e+03	2.0184e+01
4.3550e+03	1.7788e+01
4.3650e+03	2.0317e+01
4.3750e+03	1.7327e+01
4.3850e+03	1.6491e+01
4.3950e+03	1.5620e+01
4.4050e+03	1.7745e+01
4.4150e+03	1.7833e+01
4.4250e+03	1.6649e+01
4.4350e+03	1.7659e+01
4.4450e+03	1.5389e+01
4.4550e+03	1.2967e+01
4.4650e+03	1.5717e+01
4.4750e+03	2.0258e+01
4.4850e+03	1.8048e+01
4.4950e+03	1.8981e+01
4.5050e+03	1.7177e+01
4.5150e+03	1.5826e+01
4.5250e+03	1.8346e+01
4.5350e+03	1.7995e+01
4.5450e+03	1.8242e+01
4.5550e+03	2.1115e+01
4.5650e+03	1.8509e+01
4.5750e+03	1.6056e+01
4.5850e+03	1.9252e+01
4.5950e+03	1.9985e+01
4.6050e+03	2.2547e+01
4.6150e+03	1.8814e+01
4.6250e+03	1.7811e+01
4.6350e+03	1.7176e+01
4.6450e+03	1.6557e+01
4.6550e+03	1.7710e+01
4.6650e+03	1.7022e+01
4.6750e+03	1.4228e+01
4.6850e+03	1.5468e+01
4.6950e+03	1.6230e+01
4.7050e+03	1.3504e+01
4.7150e+03	1.7323e+01
4.7250e+03	1.2109e+01
4.7350e+03	1.1086e+01
4.7450e+03	1.1674e+01
4.7550e+03	1.0586e+01
4.7650e+03	9.7854e+00
4.7750e+03	8.1378e+00
4.7850e+03	7.9337e+00
4.7950e+03	1.1968e+01
4.8050e+03	7.9092e+00
4.8150e+03	7.8906e+00
4.8250e+03	1.0088e+01
4.8350e+03	1.0104e+01
4.8450e+03	9.2508e+00
4.8550e+03	7.3169e+00
4.8650e+03	9.3246e+00
4.8750e+03	1.1079e+01
4.8850e+03	1.1537e+01
4.8950e+03	1.3238e+01
4.9050e+03	1.2273e+01
4.9150e+03	1.3183e+01
4.9250e+03	1.2812e+01
4.9350e+03	8.8610e+00
4.9450e+03	1.5146e+01
4.9550e+03	1.3024e+01
4.9650e+03	1.6924e+01
4.9750e+03	1.4561e+01
4.9850e+03	1.5557e+01
4.9950e+03	1.5459e+01
5.0050e+03	1.8917e+01
5.0150e+03	2.0342e+01
5.0250e+03	1.6411e+01
5.0350e+03	1.8259e+01
5.0450e+03	1.7224e+01
5.0550e+03	2.1578e+01
5.0650e+03	2.1506e+01
5.0750e+03	2.2244e+01
5.0850e+03	2.4809e+01
5.0950e+03	2.7235e+01
5.1050e+03	2.5356e+01
5.1150e+03	2.3152e+01
5.1250e+03	3.4047e+01
5.1350e+03	3.0514e+01
5.1450e+03	3.3786e+01
5.1550e+03	2.8258e+01
5.1650e+03	4.0201e+01
5.1750e+03	3.5734e+01
5.1850e+03	3.1718e+01
5.1950e+03	3.4932e+01
5.2050e+03	3.5319e+01
5.2150e+03	3.7720e+01
5.2250e+03	3.8083e+01
5.2350e+03	4.2968e+01
5.2450e+03	3.6168e+01
5.2550e+03	4.2180e+01
5.2650e+03	4.5936e+01
5.2750e+03	4.9701e+01
5.2850e+03	4.5457e+01
5.2950e+03	4.1257e+01
5.3050e+03	4.5027e+01
5.3150e+03	4.3634e+01
5.3250e+03	4.7169e+01
5.3350e+03	4.1937e+01
5.3450e+03	3.8764e+01
5.3550e+03	4.3485e+01
5.3650e+03	4.0113e+01
5.3750e+03	4.6404e+01
5.3850e+03	3.7915e+01
5.3950e+03	3.5165e+01
5.4050e+03	4.0087e+01
5.4150e+03	3.7340e+01
5.4250e+03	3.6792e+01
5.4350e+03	3.4734e+01
5.4450e+03	3.5023e+01
5.4550e+03	3.4723e+01
5.4650e+03	3.6927e+01
5.4750e+03	3.4549e+01
5.4850e+03	3.3014e+01
5.4950e+03	3.5056e+01
5.5050e+03	2.8798e+01
5.5150e+03	2.7684e+01
5.5250e+03	2.7941e+01
5.5350e+03	3.0634e+01
5.5450e+03	2.8931e+01
5.5550e+03	2.5741e+01
5.5650e+03	3.0572e+01
5.5750e+03	2.4830e+01
5.5850e+03	2.7716e+01
5.5950e+03	2.7037e+01
5.6050e+03	2.9270e+01
5.6150e+03	2.7648e+01
5.6250e+03	2.8151e+01
5.6350e+03	2.3995e+01
5.6450e+03	2.4592e+01
5.6550e+03	2.5527e+01
5.6650e+03	2.1225e+01
5.6750e+03	2.0624e+01
5.6850e+03	2.2408e+01
5.6950e+03	2.2070e+01
5.7050e+03	1.7339e+01
5.7150e+03	1.8869e+01
5.7250e+03	2.1813e+01
5.7350e+03	2.0316e+01
5.7450e+03	1.8855e+01
5.7550e+03	1.8151e+01
5.7650e+03	2.0031e+01
5.7750e+03	2.1249e+01
5.7850e+03	1.9674e+01
5.7950e+03	1.7633e+01
5.8050e+03	2.0454e+01
5.8150e+03	1.9380e+01
5.8250e+03	1.7007e+01
5.8350e+03	1.5163e+01
5.8450e+03	1.5946e+01
5.8550e+03	1.4423e+01
5.8650e+03	1.4401e+01
5.8750e+03	1.7422e+01
5.8850e+03	1.6465e+01
5.8950e+03	1.7796e+01
5.9050e+03	1.6643e+01
5.9150e+03	2.0500e+01
5.9250e+03	1.9465e+01
5.9350e+03	1.8080e+01
5.9450e+03	1.8755e+01
5.9550e+03	2.0468e+01
5.9650e+03	1.9672e+01
5.9750e+03	1.7731e+01
5.9850e+03	1.4973e+01
5.9950e+03	1.3434e+01
6.0050e+03	1.6751e+01
6.0150e+03	1.6716e+01
6.0250e+03	1.8673e+01
6.0350e+03	1.8718e+01
6.0450e+03	1.9491e+01
6.0550e+03	1.6430e+01
6.0650e+03	1.9188e+01
6.0750e+03	2.1867e+01
6.0850e+03	2.2119e+01
6.0950e+03	1.9363e+01
6.1050e+03	2.1332e+01
6.1150e+03	2.1130e+01
6.1250e+03	1.9844e+01
6.1350e+03	1.7935e+01
6.1450e+03	2.6114e+01
6.1550e+03	2.2445e+01
6.1650e+03	2.3654e+01
6.1750e+03	2.1550e+01
6.1850e+03	2.4658e+01
6.1950e+03	2.0764e+01
6.2050e+03	2.1393e+01
6.2150e+03	2.1568e+01
6.2250e+03	2.4628e+01
6.2350e+03	2.2041e+01
6.2450e+03	2.3877e+01
6.2550e+03	1.9462e+01
6.2650e+03	2.3810e+01
6.2750e+03	2.4926e+01
6.2850e+03	2.3875e+01
6.2950e+03	2.2199e+01
6.3050e+03	2.7372e+01
6.3150e+03	2.5226e+01
6.3250e+03	2.5047e+01
6.3350e+03	2.5600e+01
6.3450e+03	2.4497e+01
6.3550e+03	2.5127e+01
6.3650e+03	2.2431e+01
6.3750e+03	2.1276e+01
6.3850e+03	2.0526e+01
6.3950e+03	2.6804e+01
6.4050e+03	2.4676e+01
6.4150e+03	2.4697e+01
6.4250e+03	2.4319e+01
6.4350e+03	2.3319e+01
6.4450e+03	2.5227e+01
6.4550e+03	2.7076e+01
6.4650e+03	2.6665e+01
6.4750e+03	2.1929e+01
6.4850e+03	2.0898e+01
6.4950e+03	2.2644e+01
6.5050e+03	2.4042e+01
6.5150e+03	2.1885e+01
6.5250e+03	2.8560e+01
6.5350e+03	2.3145e+01
6.5450e+03	2.0868e+01
6.5550e+03	1.9010e+01
6.5650e+03	2.1242e+01
6.5750e+03	2.1681e+01
6.5850e+03	1.9337e+01
6.5950e+03	1.7975e+01
6.6050e+03	1.8356e+01
6.6150e+03	1.8709e+01
6.6250e+03	1.8514e+01
6.6350e+03	1.8564e+01
6.6450e+03	1.8031e+01
6.6550e+03	1.4675e+01
6.6650e+03	1.6448e+01
6.6750e+03	1.5266e+01
6.6850e+03	1.5536e+01
6.6950e+03	1.2222e+01
6.7050e+03	1.2799e+01
6.7150e+03	1.2876e+01
6.7250e+03	1.5483e+01
6.7350e+03	8.5678e+00
6.7450e+03	1.0199e+01
6.7550e+03	1.0512e+01
6.7650e+03	9.8662e+00
6.7750e+03	1.0020e+01
6.7850e+03	1.0277e+01
6.7950e+03	6.4818e+00
6.8050e+03	1.0227e+01
6.8150e+03	1.0113e+01
6.8250e+03	1.1018e+01
6.8350e+03	6.3990e+00
6.8450e+03	9.9690e+00
6.8550e+03	9.1428e+00
6.8650e+03	1.0011e+01
6.8750e+03	9.7985e+00
6.8850e+03	1.0503e+01
6.8950e+03	9.4279e+00
6.9050e+03	9.5424e+00
6.9150e+03	8.7437e+00
6.9250e+03	9.0270e+00
6.9350e+03	8.5441e+00
6.9450e+03	1.0351e+01
6.9550e+03	8.5950e+00
6.9650e+03	9.3218e+00
6.9750e+03	1.0059e+01
6.9850e+03	8.5402e+00
6.9950e+03	8.8446e+00
7.0050e+03	7.4079e+00
7.0150e+03	7.4828e+00
7.0250e+03	9.6520e+00
7.0350e+03	6.3503e+00
7.0450e+03	8.1405e+00
7.0550e+03	1.0914e+01
7.0650e+03	9.6000e+00
7.0750e+03	9.5647e+00
7.0850e+03	9.2966e+00
7.0950e+03	1.0918e+01
7.1050e+03	9.4265e+00
7.1150e+03	1.0132e+01
7.1250e+03	1.3040e+01
7.1350e+03	1.1886e+01
7.1450e+03	1.2640e+01
7.1550e+03	1.2265e+01
7.1650e+03	1.4515e+01
7.1750e+03	1.5156e+01
7.1850e+03	1.5099e+01
7.1950e+03	1.4678e+01
7.2050e+03	1.6987e+01
7.2150e+03	1.5493e+01
7.2250e+03	1.5972e+01
7.2350e+03	1.2565e+01
7.2450e+03	1.4288e+01
7.2550e+03	1.3958e+01
7.2650e+03	1.4044e+01
7.2750e+03	1.3498e+01
7.2850e+03	1.8563e+01
7.2950e+03	1.6264e+01
7.3050e+03	1.4028e+01
7.3150e+03	1.7977e+01
7.3250e+03	1.8113e+01
7.3350e+03	1.6362e+01
7.3450e+03	2.3413e+01
7.3550e+03	1.5580e+01
7.3650e+03	2.2823e+01
7.3750e+03	1.7419e+01
7.3850e+03	1.7111e+01
7.3950e+03	1.6136e+01
7.4050e+03	1.6922e+01
7.4150e+03	1.7040e+01
7.4250e+03	1.8601e+01
7.4350e+03	1.8572e+01
7.4450e+03	1.6713e+01
7.4550e+03	1.5512e+01
7.4650e+03	1.5306e+01
7.4750e+03	1.7005e+01
7.4850e+03	1.4024e+01
7.4950e+03	1.5492e+01
7.5050e+03	1.6889e+01
7.5150e+03	1.6622e+01
7.5250e+03	1.7109e+01
7.5350e+03	1.8669e+01
7.5450e+03	1.9146e+01
7.5550e+03	1.5227e+01
7.5650e+03	1.5866e+01
7.5750e+03	1.7497e+01
7.5850e+03	1.8438e+01
7.5950e+03	1.2630e+01
7.6050e+03	1.7423e+01
7.6150e+03	1.6285e+01
7.6250e+03	1.8369e+01
7.6350e+03	1.6109e+01
7.6450e+03	1.7121e+01
7.6550e+03	1.4198e+01
7.6650e+03	1.7042e+01
7.6750e+03	1.4783e+01
7.6850e+03	1.3690e+01
7.6950e+03	1.5187e+01
7.7050e+03	1.8887e+01
7.7150e+03	1.7557e+01
7.7250e+03	1.2995e+01
7.7350e+03	1.4209e+01
7.7450e+03	1.3098e+01
7.7550e+03	1.2376e+01
7.7650e+03	1.3246e+01
7.7750e+03	1.4189e+01
7.7850e+03	1.2911e+01
7.7950e+03	1.4674e+01
7.8050e+03	1.3421e+01
7.8150e+03	1.2845e+01
7.8250e+03	8.9689e+00
7.8350e+03	1.3234e+01
7.8450e+03	1.2565e+01
7.8550e+03	1.3651e+01
7.8650e+03	1.1357e+01
7.8750e+03	1.0870e+01
7.8850e+03	1.2328e+01
7.8950e+03	1.2641e+01
7.9050e+03	1.4379e+01
7.9150e+03	1.2292e+01
7.9250e+03	1.0348e+01
7.9350e+03	1.1032e+01
7.9450e+03	1.0625e+01
7.9550e+03	9.2606e+00
7.9650e+03	1.1765e+01
7.9750e+03	1.3896e+01
7.9850e+03	1.3286e+01
7.9950e+03	1.2828e+01
8.0050e+03	1.2076e+01
8.0150e+03	1.4090e+01
8.0250e+03	1.1827e+01
8.0350e+03	1.2930e+01
8.0450e+03	1.6475e+01
8.0550e+03	1.6637e+01
8.0650e+03	1.6029e+01
8.0750e+03	1.9139e+01
8.0850e+03	1.7802e+01
8.0950e+03	1.5823e+01
8.1050e+03	1.8005e+01
8.1150e+03	2.1302e+01
8.1250e+03	1.9397e+01
8.1350e+03	2.0691e+01
8.1450e+03	1.9701e+01
8.1550e+03	2.2980e+01
8.1650e+03	2.2804e+01
8.1750e+03	2.3480e+01
8.1850e+03	2.8025e+01
8.1950e+03	2.2924e+01
8.2050e+03	2.4499e+01
8.2150e+03	2.8953e+01
8.2250e+03	2.8587e+01
8.2350e+03	2.6450e+01
8.2450e+03	2.8200e+01
8.2550e+03	2.8542e+01
8.2650e+03	3.1479e+01
8.2750e+03	2.9118e+01
8.2850e+03	2.9643e+01
8.2950e+03	2.9100e+01
8.3050e+03	3.1211e+01
8.3150e+03	3.1790e+01
8.3250e+03	3.4381e+01
8.3350e+03	3.1881e+01
8.3450e+03	3.1191e+01
8.3550e+03	3.6748e+01
8.3650e+03	3.3007e+01
8.3750e+03	3.5458e+01
8.3850e+03	3.6389e+01
8.3950e+03	3.8739e+01
8.4050e+03	3.6187e+01
8.4150e+03	3.7545e+01
8.4250e+03	4.2695e+01
8.4350e+03	3.8067e+01
8.4450e+03	3.8072e+01
8.4550e+03	4.2430e+01
8.4650e+03	4.3658e+01
8.4750e+03	4.6563e+01
8.4850e+03	4.0863e+01
8.4950e+03	5.3834e+01
8.5050e+03	4.3432e+01
8.5150e+03	3.6799e+01
8.5250e+03	4.6512e+01
8.5350e+03	4.5301e+01
8.5450e+03	5.4883e+01
8.5550e+03	4.8685e+01
8.5650e+03	4.7879e+01
8.5750e+03	4.0882e+01
8.5850e+03	4.6948e+01
8.5950e+03	4.8308e+01
8.6050e+03	5.1363e+01
8.6150e+03	5.2584e+01
8.6250e+03	4.5795e+01
8.6350e+03	5.3950e+01
8.6450e+03	5.1511e+01
8.6550e+03	4.7906e+01
8.6650e+03	6.6326e+01
8.6750e+03	4.9379e+01
8.6850e+03	5.1372e+01
8.6950e+03	4.9710e+01
8.7050e+03	5.1046e+01
8.7150e+03	5.6675e+01
8.7250e+03	5.1848e+01
8.7350e+03	4.8617e+01
8.7450e+03	4.9807e+01
8.7550e+03	5.2785e+01
8.7650e+03	5.3763e+01
8.7750e+03	4.5631e+01
8.7850e+03	5.2469e+01
8.7950e+03	4.4708e+01
8.8050e+03	4.8389e+01
8.8150e+03	4.0913e+01
8.8250e+03	4.4848e+01
8.8350e+03	4.1179e+01
8.8450e+03	4.0302e+01
8.8550e+03	4.4850e+01
8.8650e+03	4.1691e+01
8.8750e+03	4.1387e+01
8.8850e+03	4.2358e+01
8.8950e+03	3.9278e+01
8.9050e+03	3.9755e+01
8.9150e+03	4.2396e+01
8.9250e+03	3.7525e+01
8.9350e+03	3.5413e+01
8.9450e+03	3.7973e+01
8.9550e+03	3.5708e+01
8.9650e+03	3.4504e+01
8.9750e+03	3.8333e+01
8.9850e+03	3.2838e+01
8.9950e+03	3.3557e+01
9.0050e+03	2.9368e+01
9.0150e+03	2.7792e+01
9.0250e+03	2.9262e+01
9.0350e+03	3.0433e+01
9.0450e+03	2.4840e+01
9.0550e+03	2.7696e+01
9.0650e+03	2.7404e+01
9.0750e+03	2.9162e+01
9.0850e+03	2.1355e+01
9.0950e+03	2.4960e+01
9.1050e+03	2.7431e+01
9.1150e+03	2.4130e+01
9.1250e+03	2.6392e+01
9.1350e+03	2.5748e+01
9.1450e+03	2.4018e+01
9.1550e+03	2.4819e+01
9.1650e+03	2.2842e+01
9.1750e+03	2.3857e+01
9.1850e+03	1.8676e+01
9.1950e+03	2.2112e+01
9.2050e+03	2.0057e+01
9.2150e+03	2.5507e+01
9.2250e+03	2.1423e+01
9.2350e+03	1.8952e+01
9.2450e+03	1.8793e+01
9.2550e+03	2.1417e+01
9.2650e+03	1.8553e+01
9.2750e+03	1.4309e+01
9.2850e+03	1.8400e+01
9.2950e+03	1.5508e+01
9.3050e+03	1.5932e+01
9.3150e+03	1.9086e+01
9.3250e+03	1.8286e+01
9.3350e+03	1.6072e+01
9.3450e+03	1.2354e+01
9.3550e+03	1.8074e+01
9.3650e+03	1.4870e+01
9.3750e+03	1.3149e+01
9.3850e+03	1.4094e+01
9.3950e+03	1.2378e+01
9.4050e+03	1.5135e+01
9.4150e+03	1.3154e+01
9.4250e+03	8.8409e+00
9.4350e+03	1.2306e+01
9.4450e+03	9.6183e+00
9.4550e+03	1.0771e+01
9.4650e+03	1.0737e+01
9.4750e+03	1.1040e+01
9.4850e+03	8.9568e+00
9.4950e+03	8.8038e+00
9.5050e+03	1.2733e+01
9.5150e+03	7.9569e+00
9.5250e+03	1.0295e+01
9.5350e+03	8.0938e+00
9.5450e+03	6.4792e+00
9.5550e+03	1.0135e+01
9.5650e+03	8.2829e+00
9.5750e+03	7.8425e+00
9.5850e+03	8.1143e+00
9.5950e+03	7.4175e+00
9.6050e+03	9.0585e+00
9.6150e+03	6.0177e+00
9.6250e+03	5.7799e+00
9.6350e+03	6.0252e+00
9.6450e+03	6.1290e+00
9.6550e+03	7.2343e+00
9.6650e+03	7.2778e+00
9.6750e+03	5.7980e+00
9.6850e+03	8.3712e+00
9.6950e+03	7.1077e+00
9.7050e+03	7.6811e+00
9.7150e+03	7.2323e+00
9.7250e+03	5.0027e+00
9.7350e+03	7.5458e+00
9.7450e+03	6.7446e+00
9.7550e+03	7.3554e+00
9.7650e+03	5.1989e+00
9.7750e+03	8.0977e+00
9.7850e+03	6.4101e+00
9.7950e+03	5.8195e+00
9.8050e+03	7.4150e+00
9.8150e+03	7.6642e+00
9.8250e+03	4.5022e+00
9.8350e+03	7.5014e+00
9.8450e+03	7.1955e+00
9.8550e+03	6.7475e+00
9.8650e+03	7.5684e+00
9.8750e+03	6.0996e+00
9.8850e+03	6.4242e+00
9.8950e+03	6.5540e+00
9.9050e+03	6.7119e+00
9.9150e+03	7.4706e+00
9.9250e+03	6.2175e+00
9.9350e+03	5.5487e+00
9.9450e+03	7.1476e+00
9.9550e+03	8.5009e+00
9.9650e+03	6.2672e+00
9.9750e+03	7.7814e+00
9.9850e+03	5.6424e+00
9.9950e+03	6.5368e+00
1.0005e+04	3.7752e+00
1.0015e+04	4.3692e+00
1.0025e+04	6.4718e+00
1.0035e+04	3.8857e+00
1.0045e+04	5.1001e+00
1.0055e+04	4.5044e+00
1.0065e+04	3.4530e+00
1.0075e+04	6.4220e+00
1.0085e+04	5.7291e+00
1.0095e+04	4.4933e+00
1.0105e+04	5.9540e+00
1.0115e+04	5.8893e+00
1.0125e+04	5.3505e+00
1.0135e+04	7.0541e+00
1.0145e+04	4.3727e+00
1.0155e+04	4.3706e+00
1.0165e+04	4.3495e+00
1.0175e+04	6.5997e+00
1.0185e+04	4.6226e+00
1.0195e+04	6.5314e+00
1.0205e+04	5.4014e+00
1.0215e+04	7.3711e+00
1.0225e+04	8.1275e+00
1.0235e+04	6.6150e+00
1.0245e+04	8.2032e+00
1.0255e+04	7.3630e+00
1.0265e+04	5.9502e+00
1.0275e+04	9.4888e+00
1.0285e+04	6.7540e+00
1.0295e+04	5.9996e+00
1.0305e+04	9.4762e+00
1.0315e+04	7.0094e+00
1.0325e+04	7.5686e+00
1.0335e+04	8.2991e+00
1.0345e+04	8.1544e+00
1.0355e+04	8.3717e+00
1.0365e+04	7.0932e+00
1.0375e+04	8.4148e+00
1.0385e+04	9.9207e+00
1.0395e+04	5.7921e+00
1.0405e+04	8.5480e+00
1.0415e+04	9.5989e+00
1.0425e+04	8.2005e+00
1.0435e+04	9.9606e+00
1.0445e+04	9.8787e+00
1.0455e+04	9.8262e+00
1.0465e+04	8.6633e+00
1.0475e+04	8.1132e+00
1.0485e+04	6.9470e+00
1.0495e+04	5.7139e+00
1.0505e+04	8.4304e+00
1.0515e+04	7.5997e+00
1.0525e+04	7.3948e+00
1.0535e+04	7.7720e+00
1.0545e+04	7.3699e+00
1.0555e+04	6.9557e+00
1.0565e+04	6.9936e+00
1.0575e+04	8.9368e+00
1.0585e+04	7.4004e+00
1.0595e+04	7.4819e+00
1.0605e+04	1.0084e+01
1.0615e+04	8.3705e+00
1.0625e+04	7.0689e+00
1.0635e+04	1.0201e+01
1.0645e+04	9.3383e+00
1.0655e+04	9.4078e+00
1.0665e+04	7.7787e+00
1.0675e+04	7.7928e+00
1.0685e+04	7.8643e+00
1.0695e+04	6.8247e+00
1.0705e+04	6.5070e+00
1.0715e+04	7.1570e+00
1.0725e+04	7.8540e+00
1.0735e+04	6.2594e+00
1.0745e+04	9.0574e+00
1.0755e+04	8.6168e+00
1.0765e+04	8.5413e+00
1.0775e+04	9.6170e+00
1.0785e+04	6.3743e+00
1.0795e+04	7.6187e+00
1.0805e+04	8.7853e+00
1.0815e+04	6.7140e+00
1.0825e+04	9.7358e+00
1.0835e+04	7.7693e+00
1.0845e+04	8.5104e+00
1.0855e+04	8.5184e+00
1.0865e+04	7.7392e+00
1.0875e+04	8.2829e+00
1.0885e+04	7.4258e+00
1.0895e+04	7.3031e+00
1.0905e+04	8.4716e+00
1.0915e+04	7.1654e+00
1.0925e+04	6.7417e+00
1.0935e+04	8.6446e+00
1.0945e+04	7.4020e+00
1.0955e+04	8.0082e+00
1.0965e+04	8.1996e+00
1.0975e+04	6.6536e+00
1.0985e+04	7.3492e+00
1.0995e+04	6.3826e+00
1.1005e+04	6.8978e+00
1.1015e+04	6.2595e+00
1.1025e+04	6.5816e+00
1.1035e+04	5.5375e+00
1.1045e+04	7.1035e+00
1.1055e+04	7.5426e+00
1.1065e+04	5.8601e+00
1.1075e+04	1.0386e+01
1.1085e+04	7.2387e+00
1.1095e+04	7.3239e+00
1.1105e+04	7.3750e+00
1.1115e+04	5.9057e+00
1.1125e+04	6.7810e+00
1.1135e+04	5.9877e+00
1.1145e+04	6.2976e+00
1.1155e+04	7.0468e+00
1.1165e+04	5.8275e+00
1.1175e+04	7.2143e+00
1.1185e+04	5.5073e+00
1.1195e+04	4.8001e+00
1.1205e+04	5.6214e+00
1.1215e+04	4.6304e+00
1.1225e+04	6.4018e+00
1.1235e+04	5.6640e+00
1.1245e+04	7.3077e+00
1.1255e+04	4.9554e+00
1.1265e+04	6.1777e+00
1.1275e+04	6.5696e+00
1.1285e+04	5.4525e+00
1.1295e+04	6.2593e+00
1.1305e+04	7.1909e+00
1.1315e+04	7.5747e+00
1.1325e+04	5.4900e+00
1.1335e+04	6.7611e+00
1.1345e+04	6.7226e+00
1.1355e+04	4.6567e+00
1.1365e+04	6.0236e+00
1.1375e+04	4.2737e+00
1.1385e+04	3.4015e+00
1.1395e+04	4.4534e+00
1.1405e+04	6.4006e+00
1.1415e+04	5.3648e+00
1.1425e+04	4.6141e+00
1.1435e+04	4.9994e+00
1.1445e+04	3.5640e+00
1.1455e+04	4.8232e+00
1.1465e+04	3.4270e+00
1.1475e+04	4.2248e+00
1.1485e+04	4.3448e+00
1.1495e+04	2.6900e+00
1.1505e+04	2.7674e+00
1.1515e+04	2.7941e+00
1.1525e+04	3.8098e+00
1.1535e+04	3.1135e+00
1.1545e+04	3.8377e+00
1.1555e+04	2.9470e+00
1.1565e+04	2.6214e+00
1.1575e+04	2.6580e+00
1.1585e+04	2.9512e+00
1.1595e+04	4.6796e+00
1.1605e+04	4.0420e+00
1.1615e+04	3.1402e+00
1.1625e+04	2.1860e+00
1.1635e+04	2.8424e+00
1.1645e+04	2.8699e+00
1.1655e+04	3.5904e+00
1.1665e+04	1.7439e+00
1.1675e+04	2.0736e+00
1.1685e+04	2.1375e+00
1.1695e+04	3.0414e+00
1.1705e+04	4.3103e+00
1.1715e+04	1.8289e+00
1.1725e+04	2.7313e+00
1.1735e+04	4.5577e+00
1.1745e+04	1.3686e+00
1.1755e+04	3.1508e+00
1.1765e+04	3.2135e+00
1.1775e+04	2.6885e+00
1.1785e+04	4.0540e+00
1.1795e+04	2.7463e+00
1.1805e+04	3.5948e+00
1.1815e+04	4.6796e+00
1.1825e+04	2.9590e+00
1.1835e+04	2.5243e+00
1.1845e+04	4.0914e+00
1.1855e+04	2.5950e+00
1.1865e+04	4.0454e+00
1.1875e+04	2.4986e+00
1.1885e+04	3.5853e+00
1.1895e+04	3.5439e+00
1.1905e+04	2.0648e+00
1.1915e+04	2.4016e+00
1.1925e+04	1.9238e+00
1.1935e+04	3.2753e+00
1.1945e+04	2.4350e+00
1.1955e+04	1.8962e+00
1.1965e+04	2.6447e+00
1.1975e+04	2.2342e+00
1.1985e+04	1.8610e+00
1.1995e+04	2.5001e+00
1.2005e+04	2.6206e+00
1.2015e+04	2.5759e+00
1.2025e+04	2.0386e+00
1.2035e+04	1.1314e+00
1.2045e+04	1.5128e+00
1.2055e+04	1.1262e+00
1.2065e+04	2.2530e+00
1.2075e+04	2.5864e+00
1.2085e+04	1.6061e+00
1.2095e+04	1.8037e+00
1.2105e+04	1.4567e+00
1.2115e+04	1.3722e+00
1.2125e+04	2.4867e+00
1.2135e+04	1.5423e+00
1.2145e+04	8.7043e-01
1.2155e+04	9.7119e-01
1.2165e+04	1.3670e+00
1.2175e+04	1.7899e+00
1.2185e+04	9.2801e-01
1.2195e+04	1.5065e+00
1.2205e+04	1.6735e+00
1.2215e+04	1.5606e+00
1.2225e+04	1.2172e+00
1.2235e+04	1.5265e+00
1.2245e+04	1.2767e+00
1.2255e+04	1.4263e+00
1.2265e+04	2.0189e+00
1.2275e+04	9.6673e-01
1.2285e+04	1.4824e+00
1.2295e+04	1.3738e+00
1.2305e+04	2.3327e+00
1.2315e+04	1.6905e+00
1.2325e+04	3.1240e-01
1.2335e+04	1.9381e+00
1.2345e+04	1.1077e+00
1.2355e+04	1.4293e+00
1.2365e+04	1.0519e+00
1.2375e+04	1.7164e+00
1.2385e+04	7.0139e-01
1.2395e+04	2.0268e+00
1.2405e+04	1.3973e+00
1.2415e+04	1.4676e+00
1.2425e+04	6.3233e-01
1.2435e+04	1.1732e+00
1.2445e+04	1.7538e+00
1.2455e+04	1.7947e+00
1.2465e+04	1.3881e+00
1.2475e+04	8.5521e-01
1.2485e+04	1.3242e+00
1.2495e+04	1.5587e+00
1.2505e+04	1.1223e+00
1.2515e+04	1.6877e+00
1.2525e+04	1.2374e+00
1.2535e+04	1.7666e+00
1.2545e+04	1.3390e+00
1.2555e+04	8.5191e-01
1.2565e+04	1.3234e+00
1.2575e+04	1.4420e+00
1.2585e+04	1.4765e+00
1.2595e+04	1.6771e+00
1.2605e+04	1.1241e+00
1.2615e+04	1.7987e+00
1.2625e+04	8.7957e-01
1.2635e+04	2.9269e-01
1.2645e+04	1.1227e+00
1.2655e+04	5.8592e-01
1.2665e+04	1.7728e+00
1.2675e+04	2.1841e+00
1.2685e+04	1.3841e+00
1.2695e+04	7.0069e-01
1.2705e+04	4.4207e-01
1.2715e+04	9.0990e-01
1.2725e+04	1.7445e+00
1.2735e+04	2.0205e+00
1.2745e+04	7.9837e-01
1.2755e+04	8.5262e-01
1.2765e+04	4.8337e-01
1.2775e+04	6.9811e-01
1.2785e+04	3.7202e-01
1.2795e+04	8.1546e-01
1.2805e+04	3.7419e-01
1.2815e+04	9.1531e-01
1.2825e+04	1.8561e-01
1.2835e+04	1.4458e+00
1.2845e+04	8.5688e-01
1.2855e+04	1.5381e+00
1.2865e+04	5.9139e-01
1.2875e+04	2.2215e-01
1.2885e+04	6.0732e-01
1.2895e+04	6.8227e-01
1.2905e+04	8.6109e-01
1.2915e+04	1.4175e+00
1.2925e+04	4.5161e-01
1.2935e+04	1.0070e+00
1.2945e+04	2.4447e-01
1.2955e+04	1.4325e+00
1.2965e+04	5.4826e-01
1.2975e+04	8.3920e-01
1.2985e+04	8.0866e-01
1.2995e+04	1.3521e+00
1.3005e+04	1.4575e+00
1.3015e+04	3.9148e-01
1.3025e+04	1.8343e-01
1.3035e+04	1.1172e+00
1.3045e+04	1.7270e+00
1.3055e+04	4.3337e-01
1.3065e+04	5.8435e-01
1.3075e+04	2.0274e-01
1.3085e+04	6.6110e-01
1.3095e+04	7.5834e-01
1.3105e+04	5.0160e-01
1.3115e+04	5.3455e-01
1.3125e+04	1.2018e+00
1.3135e+04	5.9693e-01
1.3145e+04	1.3012e-01
1.3155e+04	9.1928e-01
1.3165e+04	1.0327e+00
1.3175e+04	2.8356e-01
1.3185e+04	1.0188e+00
1.3195e+04	9.6620e-01
1.3205e+04	9.2443e-01
1.3215e+04	9.0777e-01
1.3225e+04	1.5697e+00
1.3235e+04	2.5856e-01
1.3245e+04	7.1502e-01
1.3255e+04	1.0692e+00
1.3265e+04	7.1260e-01
1.3275e+04	1.9148e+00
1.3285e+04	7.0352e-01
1.3295e+04	3.9517e-01
1.3305e+04	4.9908e-01
1.3315e+04	1.5913e+00
1.3325e+04	9.4929e-01
1.3335e+04	7.3275e-01
1.3345e+04	3.1436e-01
1.3355e+04	5.6510e-01
1.3365e+04	1.7915e-01
1.3375e+04	6.6929e-01
1.3385e+04	6.8566e-01
1.3395e+04	2.7554e-01
1.3405e+04	6.1876e-01
1.3415e+04	1.4811e+00
1.3425e+04	9.8348e-01
1.3435e+04	1.9721e+00
1.3445e+04	5.3283e-01
1.3455e+04	9.8988e-01
1.3465e+04	5.5646e-01
1.3475e+04	5.3679e-01
1.3485e+04	6.5075e-01
1.3495e+04	5.0505e-01
1.3505e+04	7.0287e-01
1.3515e+04	1.2869e+00
1.3525e+04	3.5562e-01
1.3535e+04	1.4977e-01
1.3545e+04	4.0788e-01
1.3555e+04	7.5175e-01
1.3565e+04	7.2652e-01
1.3575e+04	1.1477e+00
1.3585e+04	7.4523e-01
1.3595e+04	7.0979e-01
1.3605e+04	1.0981e+00
1.3615e+04	1.2201e+00
1.3625e+04	6.3931e-01
1.3635e+04	8.1138e-01
1.3645e+04	8.7064e-01
1.3655e+04	5.6835e-01
1.3665e+04	1.4634e+00
1.3675e+04	1.3882e+00
1.3685e+04	2.4028e+00
1.3695e+04	2.6076e-01
1.3705e+04	3.3775e-01
1.3715e+04	2.1573e+00
1.3725e+04	6.9233e-01
1.3735e+04	5.9787e-01
1.3745e+04	1.6661e+00
1.3755e+04	1.3418e+00
1.3765e+04	3.9062e-01
1.3775e+04	1.2362e+00
1.3785e+04	6.2394e-01
1.3795e+04	4.9804e-01
1.3805e+04	1.6325e+00
1.3815e+04	1.2162e+00
1.3825e+04	1.8207e-01
1.3835e+04	7.8143e-01
1.3845e+04	1.1193e+00
1.3855e+04	1.0957e+00
1.3865e+04	1.8311e+00
1.3875e+04	8.0163e-01
1.3885e+04	8.9912e-01
1.3895e+04	1.4907e+00
1.3905e+04	1.0247e+00
1.3915e+04	2.1429e+00
1.3925e+04	1.5594e+00
1.3935e+04	8.8105e-01
1.3945e+04	6.7171e-01
1.3955e+04	8.3585e-01
1.3965e+04	1.7766e+00
1.3975e+04	1.9848e+00
1.3985e+04	1.0866e+00
1.3995e+04	4.6308e-01
1.4005e+04	4.8674e-01
1.4015e+04	1.6459e+00
1.4025e+04	1.2576e+00
1.4035e+04	9.9569e-01
1.4045e+04	6.3590e-01
1.4055e+04	1.1004e+00
1.4065e+04	6.8610e-01
1.4075e+04	1.0305e+00
1.4085e+04	2.8623e-01
1.4095e+04	4.5887e-01
1.4105e+04	7.3144e-01
1.4115e+04	1.0543e+00
1.4125e+04	5.7038e-01
1.4135e+04	7.0498e-01
1.4145e+04	6.5375e-01
1.4155e+04	2.7868e-01
1.4165e+04	6.8568e-01
1.4175e+04	1.1639e+00
1.4185e+04	5.1985e-01
1.4195e+04	1.0329e+00
1.4205e+04	8.5107e-01
1.4215e+04	5.7416e-01
1.4225e+04	7.1556e-01
1.4235e+04	1.8879e+00
1.4245e+04	6.7335e-01
1.4255e+04	6.1151e-01
1.4265e+04	6.9016e-01
1.4275e+04	1.7238e+00
1.4285e+04	9.4305e-01
1.4295e+04	2.6369e-01
1.4305e+04	1.0227e+00
1.4315e+04	6.4841e-01
1.4325e+04	4.8605e-01
1.4335e+04	6.9349e-01
1.4345e+04	1.1874e+00
1.4355e+04	6.8043e-01
1.4365e+04	1.0188e+00
1.4375e+04	3.8433e-01
1.4385e+04	9.8751e-01
1.4395e+04	1.0762e+00
1.4405e+04	1.3516e+00
1.4415e+04	3.0807e-01
1.4425e+04	9.2408e-01
1.4435e+04	1.6641e+00
1.4445e+04	1.8055e-01
1.4455e+04	1.2661e+00
1.4465e+04	8.4688e-01
1.4475e+04	3.5402e-01
1.4485e+04	3.0173e-01
1.4495e+04	9.8698e-01
1.4505e+04	8.5118e-01
1.4515e+04	8.9367e-01
1.4525e+04	1.4608e+00
1.4535e+04	1.8702e-01
1.4545e+04	2.6424e-01
1.4555e+04	6.9755e-01
1.4565e+04	2.9579e-01
1.4575e+04	1.6127e+00
1.4585e+04	8.6771e-01
1.4595e+04	1.0560e+00
1.4605e+04	9.4024e-01
1.4615e+04	9.6886e-01
1.4625e+04	1.3127e+00
1.4635e+04	7.2746e-01
1.4645e+04	1.7808e+00
1.4655e+04	1.2416e+00
1.4665e+04	3.1767e-01
1.4675e+04	6.1703e-01
1.4685e+04	1.1451e+00
1.4695e+04	2.9092e-01
1.4705e+04	1.6049e+00
1.4715e+04	9.2110e-01
1.4725e+04	6.0352e-01
1.4735e+04	1.0703e+00
1.4745e+04	6.1843e-01
1.4755e+04	4.2255e-01
1.4765e+04	1.4116e+00
1.4775e+04	1.2019e+00
1.4785e+04	1.0955e+00
1.4795e+04	1.0271e+00
1.4805e+04	8.5669e-01
1.4815e+04	8.3703e-01
1.4825e+04	1.1510e+00
1.4835e+04	6.5785e-01
1.4845e+04	6.8334e-01
1.4855e+04	1.1404e+00
1.4865e+04	2.2101e+00
1.4875e+04	1.0069e+00
1.4885e+04	6.8157e-01
1.4895e+04	8.5389e-01
1.4905e+04	1.9965e+00
1.4915e+04	1.0807e+00
1.4925e+04	1.2796e+00
1.4935e+04	9.1034e-01
1.4945e+04	3.9993e-01
1.4955e+04	2.0114e+00
1.4965e+04	1.2692e+00
1.4975e+04	8.0568e-01
1.4985e+04	5.2939e-01
1.4995e+04	2.1364e-01
1.5005e+04	1.3295e+00
