1.0500e+02	2.3004e+00
1.1500e+02	0.0000e+00
1.2500e+02	0.0000e+00
1.3500e+02	0.0000e+00
1.4500e+02	0.0000e+00
1.5500e+02	0.0000e+00
1.6500e+02	0.0000e+00
1.7500e+02	0.0000e+00
1.8500e+02	0.0000e+00
1.9500e+02	0.0000e+00
2.0500e+02	0.0000e+00
2.1500e+02	0.0000e+00
2.2500e+02	0.0000e+00
2.3500e+02	0.0000e+00
2.4500e+02	0.0000e+00
2.5500e+02	0.0000e+00
2.6500e+02	0.0000e+00
2.7500e+02	0.0000e+00
2.8500e+02	0.0000e+00
2.9500e+02	0.0000e+00
3.0500e+02	0.0000e+00
3.1500e+02	0.0000e+00
3.2500e+02	0.0000e+00
3.3500e+02	0.0000e+00
3.4500e+02	0.0000e+00
3.5500e+02	0.0000e+00
3.6500e+02	0.0000e+00
3.7500e+02	0.0000e+00
3.8500e+02	0.0000e+00
3.9500e+02	0.0000e+00
4.0500e+02	0.0000e+00
4.1500e+02	0.0000e+00
4.2500e+02	0.0000e+00
4.3500e+02	0.0000e+00
4.4500e+02	0.0000e+00
4.5500e+02	0.0000e+00
4.6500e+02	0.0000e+00
4.7500e+02	0.0000e+00
4.8500e+02	0.0000e+00
4.9500e+02	0.0000e+00
5.0500e+02	0.0000e+00
5.1500e+02	0.0000e+00
5.2500e+02	0.0000e+00
5.3500e+02	0.0000e+00
5.4500e+02	0.0000e+00
5.5500e+02	0.0000e+00
5.6500e+02	0.0000e+00
5.7500e+02	0.0000e+00
5.8500e+02	0.0000e+00
5.9500e+02	0.0000e+00
6.0500e+02	0.0000e+00
6.1500e+02	0.0000e+00
6.2500e+02	0.0000e+00
6.3500e+02	0.0000e+00
6.4500e+02	0.0000e+00
6.5500e+02	0.0000e+00
6.6500e+02	0.0000e+00
6.7500e+02	0.0000e+00
6.8500e+02	0.0000e+00
6.9500e+02	0.0000e+00
7.0500e+02	0.0000e+00
7.1500e+02	0.0000e+00
7.2500e+02	0.0000e+00
7.3500e+02	0.0000e+00
7.4500e+02	0.0000e+00
7.5500e+02	0.0000e+00
7.6500e+02	0.0000e+00
7.7500e+02	0.0000e+00
7.8500e+02	0.0000e+00
7.9500e+02	0.0000e+00
8.0500e+02	0.0000e+00
8.1500e+02	0.0000e+00
8.2500e+02	0.0000e+00
8.3500e+02	0.0000e+00
8.4500e+02	0.0000e+00
8.5500e+02	0.0000e+00
8.6500e+02	0.0000e+00
8.7500e+02	0.0000e+00
8.8500e+02	0.0000e+00
8.9500e+02	0.0000e+00
9.0500e+02	0.0000e+00
9.1500e+02	0.0000e+00
9.2500e+02	0.0000e+00
9.3500e+02	0.0000e+00
9.4500e+02	0.0000e+00
9.5500e+02	0.0000e+00
9.6500e+02	0.0000e+00
9.7500e+02	0.0000e+00
9.8500e+02	0.0000e+00
9.9500e+02	0.0000e+00
1.0050e+03	0.0000e+00
1.0150e+03	0.0000e+00
1.0250e+03	0.0000e+00
1.0350e+03	0.0000e+00
1.0450e+03	0.0000e+00
1.0550e+03	0.0000e+00
1.0650e+03	0.0000e+00
1.0750e+03	0.0000e+00
1.0850e+03	0.0000e+00
1.0950e+03	0.0000e+00
1.1050e+03	0.0000e+00
1.1150e+03	0.0000e+00
1.1250e+03	0.0000e+00
1.1350e+03	0.0000e+00
1.1450e+03	0.0000e+00
1.1550e+03	0.0000e+00
1.1650e+03	0.0000e+00
1.1750e+03	0.0000e+00
1.1850e+03	0.0000e+00
1.1950e+03	0.0000e+00
1.2050e+03	0.0000e+00
1.2150e+03	0.0000e+00
1.2250e+03	0.0000e+00
1.2350e+03	0.0000e+00
1.2450e+03	0.0000e+00
1.2550e+03	0.0000e+00
1.2650e+03	0.0000e+00
1.2750e+03	0.0000e+00
1.2850e+03	0.0000e+00
1.2950e+03	0.0000e+00
1.3050e+03	0.0000e+00
1.3150e+03	0.0000e+00
1.3250e+03	0.0000e+00
1.3350e+03	0.0000e+00
1.3450e+03	0.0000e+00
1.3550e+03	0.0000e+00
1.3650e+03	0.0000e+00
1.3750e+03	0.0000e+00
1.3850e+03	0.0000e+00
1.3950e+03	0.0000e+00
1.4050e+03	0.0000e+00
1.4150e+03	0.0000e+00
1.4250e+03	0.0000e+00
1.4350e+03	0.0000e+00
1.4450e+03	0.0000e+00
1.4550e+03	0.0000e+00
1.4650e+03	0.0000e+00
1.4750e+03	0.0000e+00
1.4850e+03	0.0000e+00
1.4950e+03	0.0000e+00
1.5050e+03	0.0000e+00
1.5150e+03	0.0000e+00
1.5250e+03	0.0000e+00
1.5350e+03	0.0000e+00
1.5450e+03	0.0000e+00
1.5550e+03	0.0000e+00
1.5650e+03	0.0000e+00
1.5750e+03	0.0000e+00
1.5850e+03	0.0000e+00
1.5950e+03	0.0000e+00
1.6050e+03	0.0000e+00
1.6150e+03	0.0000e+00
1.6250e+03	0.0000e+00
1.6350e+03	0.0000e+00
1.6450e+03	0.0000e+00
1.6550e+03	0.0000e+00
1.6650e+03	0.0000e+00
1.6750e+03	0.0000e+00
1.6850e+03	0.0000e+00
1.6950e+03	0.0000e+00
1.7050e+03	0.0000e+00
1.7150e+03	0.0000e+00
1.7250e+03	0.0000e+00
1.7350e+03	0.0000e+00
1.7450e+03	0.0000e+00
1.7550e+03	0.0000e+00
1.7650e+03	0.0000e+00
1.7750e+03	0.0000e+00
1.7850e+03	0.0000e+00
1.7950e+03	0.0000e+00
1.8050e+03	0.0000e+00
1.8150e+03	0.0000e+00
1.8250e+03	0.0000e+00
1.8350e+03	0.0000e+00
1.8450e+03	0.0000e+00
1.8550e+03	0.0000e+00
1.8650e+03	0.0000e+00
1.8750e+03	0.0000e+00
1.8850e+03	0.0000e+00
1.8950e+03	0.0000e+00
1.9050e+03	0.0000e+00
1.9150e+03	0.0000e+00
1.9250e+03	0.0000e+00
1.9350e+03	0.0000e+00
1.9450e+03	0.0000e+00
1.9550e+03	0.0000e+00
1.9650e+03	0.0000e+00
1.9750e+03	0.0000e+00
1.9850e+03	0.0000e+00
1.9950e+03	0.0000e+00
2.0050e+03	0.0000e+00
2.0150e+03	0.0000e+00
2.0250e+03	0.0000e+00
2.0350e+03	0.0000e+00
2.0450e+03	0.0000e+00
2.0550e+03	0.0000e+00
2.0650e+03	0.0000e+00
2.0750e+03	0.0000e+00
2.0850e+03	0.0000e+00
2.0950e+03	0.0000e+00
2.1050e+03	0.0000e+00
2.1150e+03	0.0000e+00
2.1250e+03	0.0000e+00
2.1350e+03	0.0000e+00
2.1450e+03	0.0000e+00
2.1550e+03	0.0000e+00
2.1650e+03	0.0000e+00
2.1750e+03	0.0000e+00
2.1850e+03	0.0000e+00
2.1950e+03	0.0000e+00
2.2050e+03	0.0000e+00
2.2150e+03	0.0000e+00
2.2250e+03	0.0000e+00
2.2350e+03	0.0000e+00
2.2450e+03	0.0000e+00
2.2550e+03	4.6261e-06
2.2650e+03	0.0000e+00
2.2750e+03	0.0000e+00
2.2850e+03	0.0000e+00
2.2950e+03	0.0000e+00
2.3050e+03	0.0000e+00
2.3150e+03	0.0000e+00
2.3250e+03	0.0000e+00
2.3350e+03	0.0000e+00
2.3450e+03	4.9957e-06
2.3550e+03	2.8194e-06
2.3650e+03	0.0000e+00
2.3750e+03	0.0000e+00
2.3850e+03	5.2213e-05
2.3950e+03	8.1135e-06
2.4050e+03	6.4122e-06
2.4150e+03	0.0000e+00
2.4250e+03	1.4614e-04
2.4350e+03	0.0000e+00
2.4450e+03	0.0000e+00
2.4550e+03	0.0000e+00
2.4650e+03	0.0000e+00
2.4750e+03	1.0362e-05
2.4850e+03	4.0820e-02
2.4950e+03	0.0000e+00
2.5050e+03	6.1656e-06
2.5150e+03	9.3984e-07
2.5250e+03	0.0000e+00
2.5350e+03	0.0000e+00
2.5450e+03	5.0478e-05
2.5550e+03	1.3621e-05
2.5650e+03	7.3123e-06
2.5750e+03	8.4632e-06
2.5850e+03	1.4565e-06
2.5950e+03	1.0963e-05
2.6050e+03	1.3159e-05
2.6150e+03	0.0000e+00
2.6250e+03	1.7612e-02
2.6350e+03	4.6187e-01
2.6450e+03	7.5804e-06
2.6550e+03	2.6541e-05
2.6650e+03	0.0000e+00
2.6750e+03	1.7384e-05
2.6850e+03	2.9531e-05
2.6950e+03	6.2485e-06
2.7050e+03	1.5418e-05
2.7150e+03	3.6587e-05
2.7250e+03	5.6363e-05
2.7350e+03	9.6336e-05
2.7450e+03	7.5990e-05
2.7550e+03	1.6472e-05
2.7650e+03	5.6278e-05
2.7750e+03	7.6615e-05
2.7850e+03	0.0000e+00
2.7950e+03	2.6386e-06
2.8050e+03	1.9891e-03
2.8150e+03	5.7508e-04
2.8250e+03	1.2991e-05
2.8350e+03	1.9718e-05
2.8450e+03	4.1047e-04
2.8550e+03	5.3437e-05
2.8650e+03	1.2537e-03
2.8750e+03	3.0778e-05
2.8850e+03	4.4327e-05
2.8950e+03	7.5118e-05
2.9050e+03	1.9140e-05
2.9150e+03	7.3752e-05
2.9250e+03	1.1790e-03
2.9350e+03	1.8058e-01
2.9450e+03	3.9481e-04
2.9550e+03	1.8094e-03
2.9650e+03	1.8162e-04
2.9750e+03	2.6452e-02
2.9850e+03	2.8275e-02
2.9950e+03	6.0495e-04
3.0050e+03	1.2055e-04
3.0150e+03	7.4183e-04
3.0250e+03	2.3002e-03
3.0350e+03	1.3485e-04
3.0450e+03	1.9853e-04
3.0550e+03	2.5495e-01
3.0650e+03	8.1628e-05
3.0750e+03	6.2289e-03
3.0850e+03	1.0488e-02
3.0950e+03	1.0673e-03
3.1050e+03	2.0794e-01
3.1150e+03	2.0230e-04
3.1250e+03	1.7350e-04
3.1350e+03	1.6307e-02
3.1450e+03	1.5946e-04
3.1550e+03	4.1408e-01
3.1650e+03	1.1710e-04
3.1750e+03	4.2043e-02
3.1850e+03	1.6079e-04
3.1950e+03	1.3732e-02
3.2050e+03	8.6495e-04
3.2150e+03	2.7765e-01
3.2250e+03	6.8202e-03
3.2350e+03	5.4375e-04
3.2450e+03	2.3854e-02
3.2550e+03	2.3563e-01
3.2650e+03	1.2265e-01
3.2750e+03	4.6990e-01
3.2850e+03	7.8548e-04
3.2950e+03	4.1868e-01
3.3050e+03	2.0518e-01
3.3150e+03	1.8360e-01
3.3250e+03	1.1680e-01
3.3350e+03	2.3782e-02
3.3450e+03	7.9155e-03
3.3550e+03	3.0288e-02
3.3650e+03	1.9766e-01
3.3750e+03	2.3935e-01
3.3850e+03	1.8722e-01
3.3950e+03	2.0294e-01
3.4050e+03	3.4278e-02
3.4150e+03	2.7886e-01
3.4250e+03	6.6062e-02
3.4350e+03	7.7333e-01
3.4450e+03	4.6733e-02
3.4550e+03	5.6380e-02
3.4650e+03	6.2133e-02
3.4750e+03	7.2020e-01
3.4850e+03	5.6026e-01
3.4950e+03	2.3992e-01
3.5050e+03	1.4347e-01
3.5150e+03	9.4733e-01
3.5250e+03	4.4784e-01
3.5350e+03	7.8472e-01
3.5450e+03	4.3087e-01
3.5550e+03	6.3498e-01
3.5650e+03	7.7093e-01
3.5750e+03	5.6461e-01
3.5850e+03	1.2507e+00
3.5950e+03	1.3162e+00
3.6050e+03	1.6406e+00
3.6150e+03	2.2200e+00
3.6250e+03	3.1811e+00
3.6350e+03	2.9389e+00
3.6450e+03	4.4554e+00
3.6550e+03	2.8905e+00
3.6650e+03	3.7639e+00
3.6750e+03	6.0668e+00
3.6850e+03	4.4111e+00
3.6950e+03	5.6466e+00
3.7050e+03	6.0408e+00
3.7150e+03	6.9320e+00
3.7250e+03	4.4693e+00
3.7350e+03	7.6422e+00
3.7450e+03	5.4929e+00
3.7550e+03	6.4042e+00
3.7650e+03	9.3381e+00
3.7750e+03	9.8446e+00
3.7850e+03	1.2107e+01
3.7950e+03	1.3397e+01
3.8050e+03	1.5207e+01
3.8150e+03	1.4054e+01
3.8250e+03	1.5989e+01
3.8350e+03	1.5462e+01
3.8450e+03	1.8876e+01
3.8550e+03	2.1093e+01
3.8650e+03	2.5124e+01
3.8750e+03	2.4472e+01
3.8850e+03	2.7322e+01
3.8950e+03	3.7382e+01
3.9050e+03	3.1422e+01
3.9150e+03	3.6163e+01
3.9250e+03	3.4590e+01
3.9350e+03	3.9515e+01
3.9450e+03	3.7366e+01
3.9550e+03	4.6942e+01
3.9650e+03	4.1454e+01
3.9750e+03	5.2881e+01
3.9850e+03	4.5193e+01
3.9950e+03	5.8484e+01
4.0050e+03	4.7583e+01
4.0150e+03	5.0148e+01
4.0250e+03	4.8174e+01
4.0350e+03	4.8691e+01
4.0450e+03	4.6474e+01
4.0550e+03	4.8721e+01
4.0650e+03	4.3921e+01
4.0750e+03	4.7801e+01
4.0850e+03	5.2188e+01
4.0950e+03	4.1947e+01
4.1050e+03	5.1786e+01
4.1150e+03	5.6101e+01
4.1250e+03	4.6201e+01
4.1350e+03	4.8930e+01
4.1450e+03	5.1150e+01
4.1550e+03	5.6347e+01
4.1650e+03	4.9037e+01
4.1750e+03	5.4283e+01
4.1850e+03	5.1818e+01
4.1950e+03	5.1527e+01
4.2050e+03	5.1198e+01
4.2150e+03	4.8370e+01
4.2250e+03	5.3114e+01
4.2350e+03	4.1846e+01
4.2450e+03	5.4087e+01
4.2550e+03	5.0275e+01
4.2650e+03	4.5559e+01
4.2750e+03	5.0714e+01
4.2850e+03	4.5542e+01
4.2950e+03	4.7291e+01
4.3050e+03	4.9688e+01
4.3150e+03	5.3067e+01
4.3250e+03	4.3263e+01
4.3350e+03	4.3624e+01
4.3450e+03	4.6214e+01
4.3550e+03	4.0631e+01
4.3650e+03	4.5105e+01
4.3750e+03	4.1071e+01
4.3850e+03	4.4499e+01
4.3950e+03	4.1114e+01
4.4050e+03	4.3399e+01
4.4150e+03	4.1910e+01
4.4250e+03	4.1651e+01
4.4350e+03	4.4846e+01
4.4450e+03	4.1422e+01
4.4550e+03	4.4672e+01
4.4650e+03	4.7745e+01
4.4750e+03	4.7751e+01
4.4850e+03	4.6163e+01
4.4950e+03	5.2635e+01
4.5050e+03	5.9516e+01
4.5150e+03	5.3121e+01
4.5250e+03	6.4877e+01
4.5350e+03	6.7457e+01
4.5450e+03	6.2956e+01
4.5550e+03	7.3624e+01
4.5650e+03	6.6580e+01
4.5750e+03	6.8968e+01
4.5850e+03	6.9436e+01
4.5950e+03	6.9956e+01
4.6050e+03	6.2873e+01
4.6150e+03	5.9749e+01
4.6250e+03	6.7772e+01
4.6350e+03	6.1081e+01
4.6450e+03	6.7196e+01
4.6550e+03	5.5192e+01
4.6650e+03	5.7308e+01
4.6750e+03	5.5323e+01
4.6850e+03	4.6752e+01
4.6950e+03	4.7135e+01
4.7050e+03	4.5010e+01
4.7150e+03	4.0572e+01
4.7250e+03	3.8674e+01
4.7350e+03	4.0487e+01
4.7450e+03	3.9816e+01
4.7550e+03	4.0202e+01
4.7650e+03	4.1331e+01
4.7750e+03	3.3124e+01
4.7850e+03	3.2254e+01
4.7950e+03	3.3084e+01
4.8050e+03	3.8977e+01
4.8150e+03	3.9116e+01
4.8250e+03	3.5811e+01
4.8350e+03	3.4017e+01
4.8450e+03	4.1519e+01
4.8550e+03	3.9526e+01
4.8650e+03	3.9898e+01
4.8750e+03	4.0464e+01
4.8850e+03	4.0890e+01
4.8950e+03	4.3714e+01
4.9050e+03	4.6101e+01
4.9150e+03	4.3230e+01
4.9250e+03	4.8375e+01
4.9350e+03	4.9424e+01
4.9450e+03	4.4875e+01
4.9550e+03	5.1939e+01
4.9650e+03	5.3235e+01
4.9750e+03	4.7882e+01
4.9850e+03	5.4900e+01
4.9950e+03	5.0588e+01
5.0050e+03	5.5799e+01
5.0150e+03	5.7649e+01
5.0250e+03	5.9840e+01
5.0350e+03	5.4177e+01
5.0450e+03	5.9160e+01
5.0550e+03	5.6402e+01
5.0650e+03	6.0885e+01
5.0750e+03	6.9399e+01
5.0850e+03	6.9166e+01
5.0950e+03	6.6401e+01
5.1050e+03	7.1883e+01
5.1150e+03	5.9588e+01
5.1250e+03	6.5698e+01
5.1350e+03	7.6617e+01
5.1450e+03	7.2509e+01
5.1550e+03	7.6001e+01
5.1650e+03	7.9376e+01
5.1750e+03	8.3794e+01
5.1850e+03	8.6949e+01
5.1950e+03	9.2017e+01
5.2050e+03	8.7667e+01
5.2150e+03	9.0207e+01
5.2250e+03	9.3448e+01
5.2350e+03	8.8476e+01
5.2450e+03	8.7545e+01
5.2550e+03	1.0409e+02
5.2650e+03	1.0029e+02
5.2750e+03	9.8319e+01
5.2850e+03	1.0172e+02
5.2950e+03	9.1368e+01
5.3050e+03	1.0091e+02
5.3150e+03	9.9979e+01
5.3250e+03	9.3600e+01
5.3350e+03	9.5227e+01
5.3450e+03	9.3644e+01
5.3550e+03	8.5148e+01
5.3650e+03	8.8997e+01
5.3750e+03	8.7419e+01
5.3850e+03	9.0608e+01
5.3950e+03	7.9132e+01
5.4050e+03	7.7133e+01
5.4150e+03	8.2828e+01
5.4250e+03	8.0824e+01
5.4350e+03	7.2353e+01
5.4450e+03	6.8039e+01
5.4550e+03	7.4262e+01
5.4650e+03	7.2395e+01
5.4750e+03	7.1384e+01
5.4850e+03	6.5020e+01
5.4950e+03	6.8220e+01
5.5050e+03	5.8193e+01
5.5150e+03	6.3581e+01
5.5250e+03	5.4485e+01
5.5350e+03	5.7392e+01
5.5450e+03	5.5699e+01
5.5550e+03	5.5657e+01
5.5650e+03	4.6662e+01
5.5750e+03	4.4568e+01
5.5850e+03	5.0933e+01
5.5950e+03	4.7697e+01
5.6050e+03	4.3485e+01
5.6150e+03	4.3109e+01
5.6250e+03	4.8009e+01
5.6350e+03	4.7110e+01
5.6450e+03	3.8127e+01
5.6550e+03	4.1442e+01
5.6650e+03	3.5270e+01
5.6750e+03	3.1740e+01
5.6850e+03	3.6220e+01
5.6950e+03	3.0917e+01
5.7050e+03	3.8861e+01
5.7150e+03	3.5831e+01
5.7250e+03	2.9726e+01
5.7350e+03	3.1650e+01
5.7450e+03	3.2518e+01
5.7550e+03	2.9451e+01
5.7650e+03	2.9373e+01
5.7750e+03	2.7498e+01
5.7850e+03	2.6874e+01
5.7950e+03	3.0520e+01
5.8050e+03	2.9252e+01
5.8150e+03	2.6876e+01
5.8250e+03	3.2167e+01
5.8350e+03	2.7010e+01
5.8450e+03	3.0097e+01
5.8550e+03	2.9006e+01
5.8650e+03	2.5035e+01
5.8750e+03	2.9746e+01
5.8850e+03	2.7515e+01
5.8950e+03	3.0020e+01
5.9050e+03	2.8789e+01
5.9150e+03	3.4985e+01
5.9250e+03	3.4710e+01
5.9350e+03	2.7401e+01
5.9450e+03	3.0355e+01
5.9550e+03	3.5838e+01
5.9650e+03	3.1095e+01
5.9750e+03	3.3938e+01
5.9850e+03	3.8939e+01
5.9950e+03	3.5218e+01
6.0050e+03	3.0360e+01
6.0150e+03	2.9569e+01
6.0250e+03	3.5533e+01
6.0350e+03	3.5925e+01
6.0450e+03	3.6106e+01
6.0550e+03	3.3498e+01
6.0650e+03	3.6623e+01
6.0750e+03	3.6127e+01
6.0850e+03	3.7880e+01
6.0950e+03	3.3671e+01
6.1050e+03	3.4765e+01
6.1150e+03	3.8867e+01
6.1250e+03	3.5332e+01
6.1350e+03	3.7596e+01
6.1450e+03	3.3385e+01
6.1550e+03	3.3881e+01
6.1650e+03	2.8883e+01
6.1750e+03	3.1925e+01
6.1850e+03	3.6696e+01
6.1950e+03	3.6219e+01
6.2050e+03	3.3683e+01
6.2150e+03	4.2782e+01
6.2250e+03	3.9988e+01
6.2350e+03	3.9321e+01
6.2450e+03	3.7630e+01
6.2550e+03	4.3511e+01
6.2650e+03	3.8837e+01
6.2750e+03	4.4186e+01
6.2850e+03	5.0267e+01
6.2950e+03	4.4866e+01
6.3050e+03	4.7124e+01
6.3150e+03	4.8108e+01
6.3250e+03	4.9227e+01
6.3350e+03	5.2428e+01
6.3450e+03	5.4658e+01
6.3550e+03	5.4297e+01
6.3650e+03	5.8925e+01
6.3750e+03	4.8160e+01
6.3850e+03	5.4478e+01
6.3950e+03	5.1805e+01
6.4050e+03	5.3603e+01
6.4150e+03	5.5639e+01
6.4250e+03	4.9973e+01
6.4350e+03	5.6590e+01
6.4450e+03	5.0051e+01
6.4550e+03	5.1637e+01
6.4650e+03	4.1729e+01
6.4750e+03	5.5472e+01
6.4850e+03	5.3067e+01
6.4950e+03	4.5903e+01
6.5050e+03	4.8223e+01
6.5150e+03	4.4097e+01
6.5250e+03	4.7094e+01
6.5350e+03	4.6787e+01
6.5450e+03	4.4100e+01
6.5550e+03	3.5827e+01
6.5650e+03	4.2399e+01
6.5750e+03	3.4083e+01
6.5850e+03	3.4507e+01
6.5950e+03	3.2779e+01
6.6050e+03	3.5225e+01
6.6150e+03	2.8030e+01
6.6250e+03	2.9089e+01
6.6350e+03	3.0250e+01
6.6450e+03	2.9142e+01
6.6550e+03	2.5134e+01
6.6650e+03	2.9097e+01
6.6750e+03	2.3420e+01
6.6850e+03	2.2526e+01
6.6950e+03	2.7644e+01
6.7050e+03	2.5253e+01
6.7150e+03	2.2849e+01
6.7250e+03	2.1309e+01
6.7350e+03	1.9260e+01
6.7450e+03	2.0649e+01
6.7550e+03	1.7950e+01
6.7650e+03	2.1607e+01
6.7750e+03	2.2145e+01
6.7850e+03	1.9584e+01
6.7950e+03	1.8878e+01
6.8050e+03	1.8392e+01
6.8150e+03	1.4876e+01
6.8250e+03	1.5962e+01
6.8350e+03	1.5828e+01
6.8450e+03	1.6163e+01
6.8550e+03	1.3142e+01
6.8650e+03	1.5214e+01
6.8750e+03	1.3361e+01
6.8850e+03	9.3964e+00
6.8950e+03	1.2615e+01
6.9050e+03	1.4471e+01
6.9150e+03	1.1349e+01
6.9250e+03	1.1680e+01
6.9350e+03	1.1433e+01
6.9450e+03	1.0980e+01
6.9550e+03	1.1732e+01
6.9650e+03	1.0888e+01
6.9750e+03	1.1794e+01
6.9850e+03	1.0917e+01
6.9950e+03	1.3901e+01
7.0050e+03	1.2429e+01
7.0150e+03	1.1939e+01
7.0250e+03	1.2386e+01
7.0350e+03	1.5546e+01
7.0450e+03	1.4923e+01
7.0550e+03	1.3888e+01
7.0650e+03	1.7035e+01
7.0750e+03	1.5316e+01
7.0850e+03	1.7322e+01
7.0950e+03	1.6918e+01
7.1050e+03	1.5674e+01
7.1150e+03	1.4613e+01
7.1250e+03	1.7529e+01
7.1350e+03	1.7723e+01
7.1450e+03	1.6395e+01
7.1550e+03	1.8359e+01
7.1650e+03	1.3774e+01
7.1750e+03	1.6889e+01
7.1850e+03	1.3691e+01
7.1950e+03	1.6567e+01
7.2050e+03	1.7649e+01
7.2150e+03	1.6885e+01
7.2250e+03	1.6400e+01
7.2350e+03	1.8340e+01
7.2450e+03	1.7440e+01
7.2550e+03	1.7269e+01
7.2650e+03	2.2322e+01
7.2750e+03	1.7668e+01
7.2850e+03	1.6111e+01
7.2950e+03	1.9000e+01
7.3050e+03	1.9372e+01
7.3150e+03	1.7690e+01
7.3250e+03	2.1732e+01
7.3350e+03	1.8235e+01
7.3450e+03	2.0031e+01
7.3550e+03	1.5854e+01
7.3650e+03	1.8652e+01
7.3750e+03	1.5598e+01
7.3850e+03	1.3468e+01
7.3950e+03	1.8632e+01
7.4050e+03	1.1968e+01
7.4150e+03	1.9193e+01
7.4250e+03	1.5831e+01
7.4350e+03	1.7795e+01
7.4450e+03	1.5359e+01
7.4550e+03	1.6562e+01
7.4650e+03	1.7995e+01
7.4750e+03	1.5354e+01
7.4850e+03	1.5564e+01
7.4950e+03	1.6323e+01
7.5050e+03	1.7695e+01
7.5150e+03	1.9402e+01
7.5250e+03	1.7754e+01
7.5350e+03	1.9639e+01
7.5450e+03	1.5721e+01
7.5550e+03	1.6187e+01
7.5650e+03	1.4171e+01
7.5750e+03	1.6179e+01
7.5850e+03	1.8080e+01
7.5950e+03	1.7290e+01
7.6050e+03	1.8075e+01
7.6150e+03	1.9243e+01
7.6250e+03	1.7561e+01
7.6350e+03	1.8004e+01
7.6450e+03	1.6698e+01
7.6550e+03	1.5632e+01
7.6650e+03	1.5722e+01
7.6750e+03	1.9918e+01
7.6850e+03	1.6916e+01
7.6950e+03	2.0694e+01
7.7050e+03	1.7501e+01
7.7150e+03	1.5768e+01
7.7250e+03	2.1779e+01
7.7350e+03	1.4972e+01
7.7450e+03	1.6144e+01
7.7550e+03	1.8249e+01
7.7650e+03	1.7012e+01
7.7750e+03	1.6710e+01
7.7850e+03	2.0866e+01
7.7950e+03	2.0682e+01
7.8050e+03	1.7714e+01
7.8150e+03	2.1249e+01
7.8250e+03	2.2041e+01
7.8350e+03	1.9933e+01
7.8450e+03	2.1809e+01
7.8550e+03	1.9879e+01
7.8650e+03	1.9903e+01
7.8750e+03	2.2504e+01
7.8850e+03	2.0935e+01
7.8950e+03	2.0505e+01
7.9050e+03	2.2834e+01
7.9150e+03	2.2738e+01
7.9250e+03	2.6569e+01
7.9350e+03	2.2035e+01
7.9450e+03	2.2944e+01
7.9550e+03	2.3694e+01
7.9650e+03	2.6205e+01
7.9750e+03	2.7456e+01
7.9850e+03	2.3468e+01
7.9950e+03	2.7197e+01
8.0050e+03	2.6325e+01
8.0150e+03	2.6504e+01
8.0250e+03	2.5098e+01
8.0350e+03	3.0506e+01
8.0450e+03	2.3504e+01
8.0550e+03	2.8263e+01
8.0650e+03	3.0050e+01
8.0750e+03	2.7199e+01
8.0850e+03	3.0478e+01
8.0950e+03	3.1850e+01
8.1050e+03	3.0936e+01
8.1150e+03	3.1736e+01
8.1250e+03	3.8586e+01
8.1350e+03	3.5444e+01
8.1450e+03	3.8722e+01
8.1550e+03	3.7934e+01
8.1650e+03	3.7020e+01
8.1750e+03	3.6611e+01
8.1850e+03	3.5912e+01
8.1950e+03	4.3366e+01
8.2050e+03	3.8758e+01
8.2150e+03	4.3122e+01
8.2250e+03	4.2133e+01
8.2350e+03	4.8082e+01
8.2450e+03	5.0928e+01
8.2550e+03	4.6209e+01
8.2650e+03	4.7421e+01
8.2750e+03	4.9406e+01
8.2850e+03	5.4589e+01
8.2950e+03	5.0826e+01
8.3050e+03	5.3142e+01
8.3150e+03	5.4837e+01
8.3250e+03	5.2801e+01
8.3350e+03	5.4933e+01
8.3450e+03	6.0625e+01
8.3550e+03	5.8679e+01
8.3650e+03	6.2654e+01
8.3750e+03	6.4943e+01
8.3850e+03	6.9075e+01
8.3950e+03	6.3056e+01
8.4050e+03	6.9291e+01
8.4150e+03	6.6888e+01
8.4250e+03	6.5833e+01
8.4350e+03	6.6941e+01
8.4450e+03	6.6949e+01
8.4550e+03	7.3234e+01
8.4650e+03	6.8874e+01
8.4750e+03	8.3643e+01
8.4850e+03	6.6021e+01
8.4950e+03	8.2112e+01
8.5050e+03	6.6509e+01
8.5150e+03	6.9305e+01
8.5250e+03	6.5855e+01
8.5350e+03	6.6591e+01
8.5450e+03	7.7566e+01
8.5550e+03	6.7150e+01
8.5650e+03	6.7056e+01
8.5750e+03	7.3085e+01
8.5850e+03	6.9900e+01
8.5950e+03	6.6838e+01
8.6050e+03	6.6592e+01
8.6150e+03	6.4573e+01
8.6250e+03	6.9931e+01
8.6350e+03	7.2101e+01
8.6450e+03	6.2306e+01
8.6550e+03	6.5238e+01
8.6650e+03	7.5531e+01
8.6750e+03	7.2267e+01
8.6850e+03	6.2231e+01
8.6950e+03	6.7041e+01
8.7050e+03	6.5812e+01
8.7150e+03	6.9441e+01
8.7250e+03	5.9921e+01
8.7350e+03	6.6767e+01
8.7450e+03	6.3491e+01
8.7550e+03	6.3743e+01
8.7650e+03	5.4555e+01
8.7750e+03	6.0331e+01
8.7850e+03	6.3643e+01
8.7950e+03	6.3665e+01
8.8050e+03	5.9151e+01
8.8150e+03	5.4771e+01
8.8250e+03	5.7416e+01
8.8350e+03	5.9261e+01
8.8450e+03	6.1129e+01
8.8550e+03	6.4460e+01
8.8650e+03	5.7497e+01
8.8750e+03	6.0955e+01
8.8850e+03	6.1830e+01
8.8950e+03	5.8829e+01
8.9050e+03	5.1047e+01
8.9150e+03	5.5367e+01
8.9250e+03	6.2694e+01
8.9350e+03	6.0005e+01
8.9450e+03	5.2689e+01
8.9550e+03	5.1116e+01
8.9650e+03	5.2994e+01
8.9750e+03	5.2772e+01
8.9850e+03	5.0324e+01
8.9950e+03	4.8967e+01
9.0050e+03	5.5753e+01
9.0150e+03	4.9848e+01
9.0250e+03	4.8269e+01
9.0350e+03	5.6618e+01
9.0450e+03	4.7099e+01
9.0550e+03	5.0810e+01
9.0650e+03	4.9677e+01
9.0750e+03	5.0451e+01
9.0850e+03	4.6750e+01
9.0950e+03	4.4033e+01
9.1050e+03	4.2043e+01
9.1150e+03	4.9919e+01
9.1250e+03	4.3542e+01
9.1350e+03	4.9036e+01
9.1450e+03	4.4612e+01
9.1550e+03	4.5428e+01
9.1650e+03	4.3820e+01
9.1750e+03	4.1176e+01
9.1850e+03	3.8674e+01
9.1950e+03	4.2374e+01
9.2050e+03	4.2856e+01
9.2150e+03	3.6000e+01
9.2250e+03	3.9446e+01
9.2350e+03	3.5134e+01
9.2450e+03	4.0104e+01
9.2550e+03	3.3290e+01
9.2650e+03	3.7891e+01
9.2750e+03	3.4867e+01
9.2850e+03	3.2679e+01
9.2950e+03	3.7094e+01
9.3050e+03	3.3394e+01
9.3150e+03	3.2370e+01
9.3250e+03	3.1069e+01
9.3350e+03	3.2333e+01
9.3450e+03	3.4679e+01
9.3550e+03	2.9307e+01
9.3650e+03	3.3223e+01
9.3750e+03	2.7894e+01
9.3850e+03	2.9318e+01
9.3950e+03	2.8598e+01
9.4050e+03	2.7833e+01
9.4150e+03	2.4925e+01
9.4250e+03	2.5549e+01
9.4350e+03	2.7119e+01
9.4450e+03	2.2980e+01
9.4550e+03	2.5800e+01
9.4650e+03	2.3143e+01
9.4750e+03	2.4402e+01
9.4850e+03	2.4749e+01
9.4950e+03	2.1397e+01
9.5050e+03	2.5851e+01
9.5150e+03	2.0316e+01
9.5250e+03	2.0795e+01
9.5350e+03	1.7122e+01
9.5450e+03	1.8521e+01
9.5550e+03	1.9474e+01
9.5650e+03	1.8832e+01
9.5750e+03	1.6248e+01
9.5850e+03	1.6806e+01
9.5950e+03	1.9104e+01
9.6050e+03	1.9561e+01
9.6150e+03	1.6469e+01
9.6250e+03	1.5039e+01
9.6350e+03	1.2809e+01
9.6450e+03	1.2818e+01
9.6550e+03	1.3919e+01
9.6650e+03	1.5326e+01
9.6750e+03	1.5655e+01
9.6850e+03	1.7613e+01
9.6950e+03	1.2973e+01
9.7050e+03	1.2363e+01
9.7150e+03	1.3588e+01
9.7250e+03	1.3058e+01
9.7350e+03	1.2933e+01
9.7450e+03	1.3855e+01
9.7550e+03	1.1991e+01
9.7650e+03	1.3268e+01
9.7750e+03	1.3413e+01
9.7850e+03	1.1600e+01
9.7950e+03	1.3103e+01
9.8050e+03	1.3275e+01
9.8150e+03	1.1396e+01
9.8250e+03	9.5517e+00
9.8350e+03	1.1375e+01
9.8450e+03	1.0655e+01
9.8550e+03	9.8097e+00
9.8650e+03	9.3978e+00
9.8750e+03	9.7200e+00
9.8850e+03	1.0429e+01
9.8950e+03	1.1411e+01
9.9050e+03	1.2461e+01
9.9150e+03	9.3891e+00
9.9250e+03	7.7713e+00
9.9350e+03	8.3361e+00
9.9450e+03	9.0068e+00
9.9550e+03	8.8817e+00
9.9650e+03	6.8124e+00
9.9750e+03	8.0420e+00
9.9850e+03	9.5534e+00
9.9950e+03	8.3954e+00
1.0005e+04	7.6014e+00
1.0015e+04	7.3988e+00
1.0025e+04	9.9002e+00
1.0035e+04	1.0572e+01
1.0045e+04	6.6251e+00
1.0055e+04	9.3954e+00
1.0065e+04	7.8607e+00
1.0075e+04	8.9169e+00
1.0085e+04	9.6028e+00
1.0095e+04	8.6591e+00
1.0105e+04	8.9815e+00
1.0115e+04	1.0124e+01
1.0125e+04	9.1166e+00
1.0135e+04	7.4331e+00
1.0145e+04	7.2032e+00
1.0155e+04	5.5878e+00
1.0165e+04	8.0609e+00
1.0175e+04	7.2829e+00
1.0185e+04	8.8217e+00
1.0195e+04	1.0039e+01
1.0205e+04	7.6970e+00
1.0215e+04	7.9295e+00
1.0225e+04	8.5175e+00
1.0235e+04	8.9530e+00
1.0245e+04	6.4007e+00
1.0255e+04	7.1471e+00
1.0265e+04	7.1224e+00
1.0275e+04	9.2909e+00
1.0285e+04	7.4848e+00
1.0295e+04	5.6067e+00
1.0305e+04	5.8417e+00
1.0315e+04	5.0358e+00
1.0325e+04	6.0675e+00
1.0335e+04	4.0224e+00
1.0345e+04	5.0606e+00
1.0355e+04	6.2889e+00
1.0365e+04	3.4881e+00
1.0375e+04	6.9854e+00
1.0385e+04	5.9529e+00
1.0395e+04	4.9543e+00
1.0405e+04	9.7403e+00
1.0415e+04	5.2077e+00
1.0425e+04	7.5051e+00
1.0435e+04	6.0129e+00
1.0445e+04	5.6328e+00
1.0455e+04	5.5377e+00
1.0465e+04	4.4707e+00
1.0475e+04	5.3315e+00
1.0485e+04	6.6919e+00
1.0495e+04	4.9773e+00
1.0505e+04	6.8455e+00
1.0515e+04	6.5355e+00
1.0525e+04	6.8664e+00
1.0535e+04	6.6504e+00
1.0545e+04	6.2277e+00
1.0555e+04	6.4005e+00
1.0565e+04	5.6041e+00
1.0575e+04	5.1132e+00
1.0585e+04	7.1808e+00
1.0595e+04	7.8055e+00
1.0605e+04	8.1749e+00
1.0615e+04	8.9129e+00
1.0625e+04	7.1919e+00
1.0635e+04	9.5765e+00
1.0645e+04	6.3966e+00
1.0655e+04	6.5869e+00
1.0665e+04	6.7363e+00
1.0675e+04	1.0992e+01
1.0685e+04	6.3860e+00
1.0695e+04	7.4766e+00
1.0705e+04	7.1588e+00
1.0715e+04	9.2255e+00
1.0725e+04	8.8804e+00
1.0735e+04	8.4020e+00
1.0745e+04	7.1182e+00
1.0755e+04	7.2345e+00
1.0765e+04	9.0480e+00
1.0775e+04	7.8988e+00
1.0785e+04	8.2058e+00
1.0795e+04	9.4390e+00
1.0805e+04	1.0073e+01
1.0815e+04	8.7682e+00
1.0825e+04	8.2676e+00
1.0835e+04	7.1199e+00
1.0845e+04	8.8579e+00
1.0855e+04	9.0453e+00
1.0865e+04	7.7665e+00
1.0875e+04	7.4362e+00
1.0885e+04	8.9524e+00
1.0895e+04	5.9256e+00
1.0905e+04	7.3025e+00
1.0915e+04	5.3030e+00
1.0925e+04	7.9769e+00
1.0935e+04	5.8907e+00
1.0945e+04	6.8168e+00
1.0955e+04	8.6379e+00
1.0965e+04	8.1637e+00
1.0975e+04	8.6081e+00
1.0985e+04	8.1839e+00
1.0995e+04	5.6389e+00
1.1005e+04	7.4098e+00
1.1015e+04	7.6377e+00
1.1025e+04	8.3860e+00
1.1035e+04	1.0504e+01
1.1045e+04	7.7975e+00
1.1055e+04	1.0960e+01
1.1065e+04	5.8410e+00
1.1075e+04	1.0290e+01
1.1085e+04	9.3650e+00
1.1095e+04	7.1528e+00
1.1105e+04	9.8442e+00
1.1115e+04	8.5229e+00
1.1125e+04	7.7108e+00
1.1135e+04	8.7068e+00
1.1145e+04	9.0595e+00
1.1155e+04	6.7830e+00
1.1165e+04	8.6853e+00
1.1175e+04	6.8693e+00
1.1185e+04	9.0212e+00
1.1195e+04	7.9410e+00
1.1205e+04	9.3833e+00
1.1215e+04	8.4680e+00
1.1225e+04	6.1288e+00
1.1235e+04	9.7263e+00
1.1245e+04	5.7688e+00
1.1255e+04	7.3638e+00
1.1265e+04	8.5646e+00
1.1275e+04	1.0725e+01
1.1285e+04	8.1946e+00
1.1295e+04	5.8640e+00
1.1305e+04	7.5155e+00
1.1315e+04	8.1141e+00
1.1325e+04	7.5522e+00
1.1335e+04	9.0895e+00
1.1345e+04	7.3053e+00
1.1355e+04	5.4265e+00
1.1365e+04	6.5086e+00
1.1375e+04	8.0131e+00
1.1385e+04	7.0562e+00
1.1395e+04	5.3262e+00
1.1405e+04	4.0151e+00
1.1415e+04	8.3153e+00
1.1425e+04	5.2600e+00
1.1435e+04	6.5679e+00
1.1445e+04	5.8544e+00
1.1455e+04	7.0484e+00
1.1465e+04	4.9797e+00
1.1475e+04	6.6135e+00
1.1485e+04	4.8118e+00
1.1495e+04	6.6359e+00
1.1505e+04	5.7884e+00
1.1515e+04	5.3125e+00
1.1525e+04	4.4274e+00
1.1535e+04	4.5292e+00
1.1545e+04	6.2895e+00
1.1555e+04	6.1721e+00
1.1565e+04	5.3782e+00
1.1575e+04	3.4297e+00
1.1585e+04	4.2079e+00
1.1595e+04	5.4019e+00
1.1605e+04	3.6434e+00
1.1615e+04	3.5902e+00
1.1625e+04	4.8099e+00
1.1635e+04	5.6487e+00
1.1645e+04	4.0144e+00
1.1655e+04	5.3687e+00
1.1665e+04	5.1057e+00
1.1675e+04	3.0743e+00
1.1685e+04	6.4367e+00
1.1695e+04	3.0137e+00
1.1705e+04	3.4118e+00
1.1715e+04	4.0139e+00
1.1725e+04	4.6801e+00
1.1735e+04	5.0386e+00
1.1745e+04	3.6938e+00
1.1755e+04	4.2986e+00
1.1765e+04	2.1109e+00
1.1775e+04	5.8332e+00
1.1785e+04	3.3164e+00
1.1795e+04	3.8062e+00
1.1805e+04	6.1792e+00
1.1815e+04	4.7306e+00
1.1825e+04	5.1805e+00
1.1835e+04	4.5259e+00
1.1845e+04	3.3280e+00
1.1855e+04	3.3341e+00
1.1865e+04	3.4788e+00
1.1875e+04	2.7607e+00
1.1885e+04	1.8444e+00
1.1895e+04	3.9550e+00
1.1905e+04	3.3019e+00
1.1915e+04	4.6344e+00
1.1925e+04	3.7522e+00
1.1935e+04	2.3791e+00
1.1945e+04	3.2199e+00
1.1955e+04	2.9050e+00
1.1965e+04	2.8146e+00
1.1975e+04	2.7056e+00
1.1985e+04	2.0369e+00
1.1995e+04	1.6432e+00
1.2005e+04	1.3747e+00
1.2015e+04	2.7245e+00
1.2025e+04	1.8320e+00
1.2035e+04	2.6327e+00
1.2045e+04	1.8592e+00
1.2055e+04	2.1522e+00
1.2065e+04	1.0591e+00
1.2075e+04	1.5265e+00
1.2085e+04	2.6517e+00
1.2095e+04	1.2856e+00
1.2105e+04	3.2992e+00
1.2115e+04	2.5056e+00
1.2125e+04	1.6868e+00
1.2135e+04	1.7697e+00
1.2145e+04	2.6881e+00
1.2155e+04	2.7096e+00
1.2165e+04	1.6783e+00
1.2175e+04	2.0906e+00
1.2185e+04	1.7293e+00
1.2195e+04	2.1284e+00
1.2205e+04	2.4452e+00
1.2215e+04	1.7684e+00
1.2225e+04	1.5447e+00
1.2235e+04	1.2902e+00
1.2245e+04	1.9562e+00
1.2255e+04	8.7997e-01
1.2265e+04	2.6750e+00
1.2275e+04	2.1510e+00
1.2285e+04	1.6430e+00
1.2295e+04	1.6380e+00
1.2305e+04	1.0288e+00
1.2315e+04	2.5109e+00
1.2325e+04	3.1584e+00
1.2335e+04	1.4346e+00
1.2345e+04	2.5750e+00
1.2355e+04	2.5768e-01
1.2365e+04	1.3656e+00
1.2375e+04	2.1237e+00
1.2385e+04	3.8843e-01
1.2395e+04	1.0394e+00
1.2405e+04	9.2552e-01
1.2415e+04	1.5964e+00
1.2425e+04	1.8037e+00
1.2435e+04	1.0897e+00
1.2445e+04	1.1560e+00
1.2455e+04	1.2782e+00
1.2465e+04	1.4747e+00
1.2475e+04	1.1804e+00
1.2485e+04	8.9886e-01
1.2495e+04	1.3476e+00
1.2505e+04	1.5553e+00
1.2515e+04	2.6179e+00
1.2525e+04	9.1944e-01
1.2535e+04	7.6164e-01
1.2545e+04	6.8945e-01
1.2555e+04	8.6052e-01
1.2565e+04	1.0640e+00
1.2575e+04	7.9940e-01
1.2585e+04	3.5800e-01
1.2595e+04	1.6194e+00
1.2605e+04	7.6577e-01
1.2615e+04	1.0062e+00
1.2625e+04	5.1058e-01
1.2635e+04	1.0515e+00
1.2645e+04	1.0768e+00
1.2655e+04	1.6913e+00
1.2665e+04	1.2475e+00
1.2675e+04	1.3744e+00
1.2685e+04	1.0124e+00
1.2695e+04	1.4297e+00
1.2705e+04	4.3181e-01
1.2715e+04	2.1830e+00
1.2725e+04	9.1789e-01
1.2735e+04	7.0334e-01
1.2745e+04	1.2608e+00
1.2755e+04	2.9297e-01
1.2765e+04	8.1776e-01
1.2775e+04	5.5676e-01
1.2785e+04	9.9815e-01
1.2795e+04	6.9540e-01
1.2805e+04	2.0458e-01
1.2815e+04	6.0759e-01
1.2825e+04	3.9131e-01
1.2835e+04	7.7989e-01
1.2845e+04	1.3691e+00
1.2855e+04	6.9278e-01
1.2865e+04	8.6486e-01
1.2875e+04	3.8931e-01
1.2885e+04	8.2117e-01
1.2895e+04	7.4546e-01
1.2905e+04	4.0879e-01
1.2915e+04	1.5593e+00
1.2925e+04	4.3222e-01
1.2935e+04	1.5261e+00
1.2945e+04	1.7033e-01
1.2955e+04	1.3915e+00
1.2965e+04	3.4387e-01
1.2975e+04	1.5387e+00
1.2985e+04	8.8413e-01
1.2995e+04	8.4678e-01
1.3005e+04	7.7545e-01
1.3015e+04	1.8028e+00
1.3025e+04	1.4206e+00
1.3035e+04	1.2369e+00
1.3045e+04	8.7602e-01
1.3055e+04	8.8653e-01
1.3065e+04	8.1739e-01
1.3075e+04	8.7643e-01
1.3085e+04	1.1565e+00
1.3095e+04	3.1454e-01
1.3105e+04	5.6297e-01
1.3115e+04	2.7359e+00
1.3125e+04	4.4776e-01
1.3135e+04	3.1331e+00
1.3145e+04	5.8814e-01
1.3155e+04	1.9482e+00
1.3165e+04	8.1170e-01
1.3175e+04	1.3411e+00
1.3185e+04	1.7299e+00
1.3195e+04	5.9152e-01
1.3205e+04	1.4300e-01
1.3215e+04	1.2762e+00
1.3225e+04	7.8371e-01
1.3235e+04	1.1446e+00
1.3245e+04	7.4652e-01
1.3255e+04	1.3697e+00
1.3265e+04	1.5947e-01
1.3275e+04	1.4443e+00
1.3285e+04	7.1204e-01
1.3295e+04	1.4813e+00
1.3305e+04	2.1587e-01
1.3315e+04	4.3569e-01
1.3325e+04	9.4222e-01
1.3335e+04	1.2928e+00
1.3345e+04	1.2207e+00
1.3355e+04	9.7827e-01
1.3365e+04	5.8701e-01
1.3375e+04	6.3287e-01
1.3385e+04	4.4855e-01
1.3395e+04	1.4476e+00
1.3405e+04	8.8381e-01
1.3415e+04	7.4731e-01
1.3425e+04	1.2544e+00
1.3435e+04	1.1159e+00
1.3445e+04	6.3806e-01
1.3455e+04	1.8402e-01
1.3465e+04	3.6566e-01
1.3475e+04	1.2353e+00
1.3485e+04	2.9334e+00
1.3495e+04	7.9884e-01
1.3505e+04	6.5006e-01
1.3515e+04	8.7290e-01
1.3525e+04	7.2334e-01
1.3535e+04	1.4354e+00
1.3545e+04	3.6290e-01
1.3555e+04	4.2836e-01
1.3565e+04	8.8004e-01
1.3575e+04	1.0295e+00
1.3585e+04	8.5258e-01
1.3595e+04	5.0530e-01
1.3605e+04	6.8109e-01
1.3615e+04	7.2438e-01
1.3625e+04	9.8252e-01
1.3635e+04	2.4834e-01
1.3645e+04	8.1504e-01
1.3655e+04	7.2730e-01
1.3665e+04	5.4292e-01
1.3675e+04	1.1455e+00
1.3685e+04	1.1736e+00
1.3695e+04	1.3368e+00
1.3705e+04	8.0584e-01
1.3715e+04	2.9407e-01
1.3725e+04	4.0813e-01
1.3735e+04	7.5999e-01
1.3745e+04	6.0849e-01
1.3755e+04	4.6448e-01
1.3765e+04	8.9349e-01
1.3775e+04	7.5855e-01
1.3785e+04	5.8673e-01
1.3795e+04	3.0754e-01
1.3805e+04	7.6695e-02
1.3815e+04	8.4606e-01
1.3825e+04	2.8019e-01
1.3835e+04	2.2508e-01
1.3845e+04	1.1464e+00
1.3855e+04	6.9440e-01
1.3865e+04	8.5168e-01
1.3875e+04	3.9134e-01
1.3885e+04	7.3758e-01
1.3895e+04	6.9665e-01
1.3905e+04	9.0479e-01
1.3915e+04	3.9914e-01
1.3925e+04	2.4752e-01
1.3935e+04	1.8327e+00
1.3945e+04	2.3363e-01
1.3955e+04	1.1696e+00
1.3965e+04	7.2972e-01
1.3975e+04	4.9949e-01
1.3985e+04	2.2943e-01
1.3995e+04	1.3708e+00
1.4005e+04	4.7074e-01
1.4015e+04	2.8554e-01
1.4025e+04	1.0717e+00
1.4035e+04	5.0209e-01
1.4045e+04	3.0686e-01
1.4055e+04	7.4535e-01
1.4065e+04	3.6009e-01
1.4075e+04	4.9570e-03
1.4085e+04	3.5984e-01
1.4095e+04	1.1980e+00
1.4105e+04	3.4254e-01
1.4115e+04	7.0574e-01
1.4125e+04	9.9450e-01
1.4135e+04	8.0795e-01
1.4145e+04	2.5616e-01
1.4155e+04	1.0815e+00
1.4165e+04	3.9946e-01
1.4175e+04	3.2804e-01
1.4185e+04	2.1818e-01
1.4195e+04	4.6390e-01
1.4205e+04	1.0546e+00
1.4215e+04	6.5549e-01
1.4225e+04	8.1258e-01
1.4235e+04	6.1612e-02
1.4245e+04	3.3998e-01
1.4255e+04	4.9763e-01
1.4265e+04	5.3674e-01
1.4275e+04	8.3983e-01
1.4285e+04	1.4248e+00
1.4295e+04	6.5556e-01
1.4305e+04	5.1270e-01
1.4315e+04	5.3936e-01
1.4325e+04	2.4832e-01
1.4335e+04	7.7463e-01
1.4345e+04	7.2728e-01
1.4355e+04	9.5754e-01
1.4365e+04	1.1805e+00
1.4375e+04	1.5163e+00
1.4385e+04	4.0199e-01
1.4395e+04	6.2963e-01
1.4405e+04	7.1780e-01
1.4415e+04	4.1977e-01
1.4425e+04	6.3002e-01
1.4435e+04	9.2547e-01
1.4445e+04	5.9357e-01
1.4455e+04	1.2674e-01
1.4465e+04	4.3545e-01
1.4475e+04	6.1620e-01
1.4485e+04	3.3881e-01
1.4495e+04	3.2472e-02
1.4505e+04	5.6546e-01
1.4515e+04	6.5919e-01
1.4525e+04	1.7741e-01
1.4535e+04	2.2446e-01
1.4545e+04	1.4741e-01
1.4555e+04	2.5081e-01
1.4565e+04	1.6215e+00
1.4575e+04	9.6050e-01
1.4585e+04	1.0098e+00
1.4595e+04	1.0426e+00
1.4605e+04	9.0034e-01
1.4615e+04	7.2517e-01
1.4625e+04	5.3794e-01
1.4635e+04	5.0263e-01
1.4645e+04	4.3522e-01
1.4655e+04	4.0212e-01
1.4665e+04	9.4863e-01
1.4675e+04	6.1832e-01
1.4685e+04	9.3862e-01
1.4695e+04	1.1697e+00
1.4705e+04	5.9953e-01
1.4715e+04	9.9796e-01
1.4725e+04	7.6583e-01
1.4735e+04	1.6146e-01
1.4745e+04	1.6357e-01
1.4755e+04	5.8106e-01
1.4765e+04	2.0121e-01
1.4775e+04	5.6609e-01
1.4785e+04	1.6669e-01
1.4795e+04	1.1002e+00
1.4805e+04	4.9481e-01
1.4815e+04	1.1882e+00
1.4825e+04	1.0531e+00
1.4835e+04	3.4890e-01
1.4845e+04	3.2152e-01
1.4855e+04	7.4212e-01
1.4865e+04	1.1999e+00
1.4875e+04	3.2820e-01
1.4885e+04	6.9611e-01
1.4895e+04	2.3891e-02
1.4905e+04	9.1972e-01
1.4915e+04	5.3753e-01
1.4925e+04	8.3327e-01
1.4935e+04	7.6355e-01
1.4945e+04	6.3315e-01
1.4955e+04	2.3532e-01
1.4965e+04	6.2523e-01
1.4975e+04	4.0194e-01
1.4985e+04	2.9968e-01
1.4995e+04	2.7269e-01
1.5005e+04	6.8439e-01
