1.0500e+02	1.1254e+01
1.1500e+02	0.0000e+00
1.2500e+02	0.0000e+00
1.3500e+02	0.0000e+00
1.4500e+02	0.0000e+00
1.5500e+02	0.0000e+00
1.6500e+02	0.0000e+00
1.7500e+02	0.0000e+00
1.8500e+02	0.0000e+00
1.9500e+02	0.0000e+00
2.0500e+02	0.0000e+00
2.1500e+02	0.0000e+00
2.2500e+02	0.0000e+00
2.3500e+02	0.0000e+00
2.4500e+02	0.0000e+00
2.5500e+02	0.0000e+00
2.6500e+02	0.0000e+00
2.7500e+02	0.0000e+00
2.8500e+02	0.0000e+00
2.9500e+02	0.0000e+00
3.0500e+02	0.0000e+00
3.1500e+02	0.0000e+00
3.2500e+02	0.0000e+00
3.3500e+02	0.0000e+00
3.4500e+02	0.0000e+00
3.5500e+02	0.0000e+00
3.6500e+02	0.0000e+00
3.7500e+02	0.0000e+00
3.8500e+02	0.0000e+00
3.9500e+02	0.0000e+00
4.0500e+02	0.0000e+00
4.1500e+02	0.0000e+00
4.2500e+02	0.0000e+00
4.3500e+02	0.0000e+00
4.4500e+02	0.0000e+00
4.5500e+02	0.0000e+00
4.6500e+02	0.0000e+00
4.7500e+02	0.0000e+00
4.8500e+02	0.0000e+00
4.9500e+02	0.0000e+00
5.0500e+02	0.0000e+00
5.1500e+02	0.0000e+00
5.2500e+02	0.0000e+00
5.3500e+02	0.0000e+00
5.4500e+02	0.0000e+00
5.5500e+02	0.0000e+00
5.6500e+02	0.0000e+00
5.7500e+02	0.0000e+00
5.8500e+02	0.0000e+00
5.9500e+02	0.0000e+00
6.0500e+02	0.0000e+00
6.1500e+02	0.0000e+00
6.2500e+02	0.0000e+00
6.3500e+02	0.0000e+00
6.4500e+02	0.0000e+00
6.5500e+02	0.0000e+00
6.6500e+02	0.0000e+00
6.7500e+02	0.0000e+00
6.8500e+02	0.0000e+00
6.9500e+02	0.0000e+00
7.0500e+02	0.0000e+00
7.1500e+02	0.0000e+00
7.2500e+02	0.0000e+00
7.3500e+02	0.0000e+00
7.4500e+02	0.0000e+00
7.5500e+02	0.0000e+00
7.6500e+02	0.0000e+00
7.7500e+02	0.0000e+00
7.8500e+02	0.0000e+00
7.9500e+02	0.0000e+00
8.0500e+02	0.0000e+00
8.1500e+02	0.0000e+00
8.2500e+02	0.0000e+00
8.3500e+02	0.0000e+00
8.4500e+02	0.0000e+00
8.5500e+02	0.0000e+00
8.6500e+02	0.0000e+00
8.7500e+02	0.0000e+00
8.8500e+02	0.0000e+00
8.9500e+02	0.0000e+00
9.0500e+02	0.0000e+00
9.1500e+02	0.0000e+00
9.2500e+02	0.0000e+00
9.3500e+02	0.0000e+00
9.4500e+02	0.0000e+00
9.5500e+02	0.0000e+00
9.6500e+02	0.0000e+00
9.7500e+02	0.0000e+00
9.8500e+02	0.0000e+00
9.9500e+02	0.0000e+00
1.0050e+03	0.0000e+00
1.0150e+03	0.0000e+00
1.0250e+03	0.0000e+00
1.0350e+03	0.0000e+00
1.0450e+03	0.0000e+00
1.0550e+03	0.0000e+00
1.0650e+03	0.0000e+00
1.0750e+03	0.0000e+00
1.0850e+03	0.0000e+00
1.0950e+03	0.0000e+00
1.1050e+03	0.0000e+00
1.1150e+03	0.0000e+00
1.1250e+03	0.0000e+00
1.1350e+03	0.0000e+00
1.1450e+03	0.0000e+00
1.1550e+03	0.0000e+00
1.1650e+03	0.0000e+00
1.1750e+03	0.0000e+00
1.1850e+03	0.0000e+00
1.1950e+03	0.0000e+00
1.2050e+03	0.0000e+00
1.2150e+03	0.0000e+00
1.2250e+03	0.0000e+00
1.2350e+03	0.0000e+00
1.2450e+03	0.0000e+00
1.2550e+03	0.0000e+00
1.2650e+03	0.0000e+00
1.2750e+03	0.0000e+00
1.2850e+03	0.0000e+00
1.2950e+03	0.0000e+00
1.3050e+03	0.0000e+00
1.3150e+03	0.0000e+00
1.3250e+03	0.0000e+00
1.3350e+03	0.0000e+00
1.3450e+03	0.0000e+00
1.3550e+03	0.0000e+00
1.3650e+03	0.0000e+00
1.3750e+03	0.0000e+00
1.3850e+03	0.0000e+00
1.3950e+03	0.0000e+00
1.4050e+03	0.0000e+00
1.4150e+03	0.0000e+00
1.4250e+03	0.0000e+00
1.4350e+03	0.0000e+00
1.4450e+03	0.0000e+00
1.4550e+03	0.0000e+00
1.4650e+03	0.0000e+00
1.4750e+03	0.0000e+00
1.4850e+03	0.0000e+00
1.4950e+03	0.0000e+00
1.5050e+03	0.0000e+00
1.5150e+03	0.0000e+00
1.5250e+03	0.0000e+00
1.5350e+03	0.0000e+00
1.5450e+03	0.0000e+00
1.5550e+03	0.0000e+00
1.5650e+03	0.0000e+00
1.5750e+03	0.0000e+00
1.5850e+03	0.0000e+00
1.5950e+03	0.0000e+00
1.6050e+03	0.0000e+00
1.6150e+03	0.0000e+00
1.6250e+03	0.0000e+00
1.6350e+03	0.0000e+00
1.6450e+03	0.0000e+00
1.6550e+03	0.0000e+00
1.6650e+03	0.0000e+00
1.6750e+03	0.0000e+00
1.6850e+03	0.0000e+00
1.6950e+03	0.0000e+00
1.7050e+03	0.0000e+00
1.7150e+03	0.0000e+00
1.7250e+03	0.0000e+00
1.7350e+03	0.0000e+00
1.7450e+03	0.0000e+00
1.7550e+03	0.0000e+00
1.7650e+03	0.0000e+00
1.7750e+03	0.0000e+00
1.7850e+03	0.0000e+00
1.7950e+03	0.0000e+00
1.8050e+03	0.0000e+00
1.8150e+03	0.0000e+00
1.8250e+03	0.0000e+00
1.8350e+03	0.0000e+00
1.8450e+03	0.0000e+00
1.8550e+03	0.0000e+00
1.8650e+03	0.0000e+00
1.8750e+03	0.0000e+00
1.8850e+03	0.0000e+00
1.8950e+03	0.0000e+00
1.9050e+03	0.0000e+00
1.9150e+03	0.0000e+00
1.9250e+03	0.0000e+00
1.9350e+03	0.0000e+00
1.9450e+03	0.0000e+00
1.9550e+03	0.0000e+00
1.9650e+03	0.0000e+00
1.9750e+03	0.0000e+00
1.9850e+03	0.0000e+00
1.9950e+03	0.0000e+00
2.0050e+03	0.0000e+00
2.0150e+03	0.0000e+00
2.0250e+03	0.0000e+00
2.0350e+03	0.0000e+00
2.0450e+03	0.0000e+00
2.0550e+03	0.0000e+00
2.0650e+03	0.0000e+00
2.0750e+03	0.0000e+00
2.0850e+03	1.2977e-05
2.0950e+03	0.0000e+00
2.1050e+03	0.0000e+00
2.1150e+03	1.1956e-04
2.1250e+03	0.0000e+00
2.1350e+03	0.0000e+00
2.1450e+03	0.0000e+00
2.1550e+03	0.0000e+00
2.1650e+03	0.0000e+00
2.1750e+03	0.0000e+00
2.1850e+03	0.0000e+00
2.1950e+03	5.5218e-05
2.2050e+03	0.0000e+00
2.2150e+03	0.0000e+00
2.2250e+03	0.0000e+00
2.2350e+03	0.0000e+00
2.2450e+03	0.0000e+00
2.2550e+03	0.0000e+00
2.2650e+03	0.0000e+00
2.2750e+03	0.0000e+00
2.2850e+03	0.0000e+00
2.2950e+03	1.2182e-05
2.3050e+03	8.1744e-05
2.3150e+03	0.0000e+00
2.3250e+03	2.8227e-05
2.3350e+03	2.9041e-06
2.3450e+03	5.3362e-06
2.3550e+03	0.0000e+00
2.3650e+03	0.0000e+00
2.3750e+03	0.0000e+00
2.3850e+03	0.0000e+00
2.3950e+03	4.8939e-03
2.4050e+03	3.5772e-05
2.4150e+03	0.0000e+00
2.4250e+03	4.5154e-06
2.4350e+03	4.8241e-04
2.4450e+03	1.4329e-05
2.4550e+03	1.2947e-02
2.4650e+03	7.9298e-04
2.4750e+03	0.0000e+00
2.4850e+03	7.2693e-05
2.4950e+03	3.3876e-01
2.5050e+03	0.0000e+00
2.5150e+03	1.5237e-04
2.5250e+03	6.9473e-05
2.5350e+03	4.2810e-04
2.5450e+03	4.9778e-04
2.5550e+03	1.3567e-04
2.5650e+03	4.5949e-04
2.5750e+03	1.7650e-05
2.5850e+03	6.8532e-01
2.5950e+03	2.4091e-02
2.6050e+03	5.6879e-02
2.6150e+03	8.0958e-01
2.6250e+03	4.6986e-01
2.6350e+03	3.2687e-03
2.6450e+03	1.2421e+00
2.6550e+03	6.3496e-02
2.6650e+03	2.9798e-01
2.6750e+03	8.1446e-02
2.6850e+03	3.9331e-01
2.6950e+03	5.8709e-01
2.7050e+03	1.1359e-01
2.7150e+03	3.7115e-02
2.7250e+03	5.5589e-01
2.7350e+03	6.5413e-01
2.7450e+03	6.2349e-02
2.7550e+03	3.1973e-01
2.7650e+03	7.3715e-01
2.7750e+03	1.1497e+00
2.7850e+03	1.0090e+00
2.7950e+03	2.9861e-01
2.8050e+03	3.9562e-02
2.8150e+03	6.8849e-01
2.8250e+03	1.2464e-01
2.8350e+03	1.3318e-01
2.8450e+03	3.7460e-02
2.8550e+03	1.5200e-01
2.8650e+03	1.0620e-01
2.8750e+03	3.8206e-01
2.8850e+03	5.8161e-02
2.8950e+03	4.4307e-01
2.9050e+03	2.9222e-01
2.9150e+03	4.0274e-01
2.9250e+03	1.3516e-01
2.9350e+03	9.1625e-02
2.9450e+03	7.8171e-01
2.9550e+03	1.1433e-03
2.9650e+03	4.1079e-02
2.9750e+03	7.8274e-03
2.9850e+03	1.8845e-01
2.9950e+03	3.4249e-02
3.0050e+03	1.7025e-01
3.0150e+03	2.5955e-01
3.0250e+03	2.4693e-01
3.0350e+03	2.1031e-02
3.0450e+03	7.8998e-02
3.0550e+03	3.7083e-01
3.0650e+03	1.9831e-01
3.0750e+03	4.2807e-01
3.0850e+03	1.1692e-01
3.0950e+03	3.8837e-01
3.1050e+03	7.9424e-01
3.1150e+03	1.6545e-02
3.1250e+03	6.5282e-01
3.1350e+03	8.0829e-01
3.1450e+03	1.3955e-01
3.1550e+03	2.0264e-02
3.1650e+03	1.9168e-01
3.1750e+03	6.3579e-01
3.1850e+03	4.9570e-02
3.1950e+03	6.0687e-01
3.2050e+03	5.8602e-02
3.2150e+03	1.1153e+00
3.2250e+03	2.4967e-01
3.2350e+03	9.1538e-01
3.2450e+03	4.4307e-01
3.2550e+03	5.0133e-01
3.2650e+03	3.1550e-01
3.2750e+03	3.6847e+00
3.2850e+03	9.4331e-01
3.2950e+03	2.7447e+00
3.3050e+03	1.8816e+00
3.3150e+03	1.6313e+00
3.3250e+03	2.7459e+00
3.3350e+03	2.8510e+00
3.3450e+03	4.4560e+00
3.3550e+03	5.6228e+00
3.3650e+03	2.7205e+00
3.3750e+03	5.7736e+00
3.3850e+03	5.2595e+00
3.3950e+03	5.3229e+00
3.4050e+03	7.8927e+00
3.4150e+03	8.3284e+00
3.4250e+03	6.3763e+00
3.4350e+03	7.3061e+00
3.4450e+03	8.6918e+00
3.4550e+03	7.7827e+00
3.4650e+03	1.0732e+01
3.4750e+03	1.1756e+01
3.4850e+03	9.8384e+00
3.4950e+03	8.4193e+00
3.5050e+03	1.0071e+01
3.5150e+03	1.1007e+01
3.5250e+03	1.3658e+01
3.5350e+03	1.5387e+01
3.5450e+03	1.4189e+01
3.5550e+03	1.4423e+01
3.5650e+03	1.8302e+01
3.5750e+03	1.8562e+01
3.5850e+03	2.5672e+01
3.5950e+03	2.7607e+01
3.6050e+03	2.2087e+01
3.6150e+03	2.6240e+01
3.6250e+03	3.4072e+01
3.6350e+03	3.3364e+01
3.6450e+03	3.8058e+01
3.6550e+03	4.3183e+01
3.6650e+03	4.8159e+01
3.6750e+03	4.8288e+01
3.6850e+03	5.8922e+01
3.6950e+03	5.7460e+01
3.7050e+03	6.2653e+01
3.7150e+03	6.4957e+01
3.7250e+03	6.2561e+01
3.7350e+03	7.0924e+01
3.7450e+03	7.2207e+01
3.7550e+03	7.4311e+01
3.7650e+03	8.5381e+01
3.7750e+03	8.2017e+01
3.7850e+03	8.1737e+01
3.7950e+03	8.8087e+01
3.8050e+03	8.9252e+01
3.8150e+03	9.5077e+01
3.8250e+03	1.1004e+02
3.8350e+03	1.0805e+02
3.8450e+03	1.0585e+02
3.8550e+03	1.1643e+02
3.8650e+03	1.2310e+02
3.8750e+03	1.2651e+02
3.8850e+03	1.4597e+02
3.8950e+03	1.3110e+02
3.9050e+03	1.4644e+02
3.9150e+03	1.2835e+02
3.9250e+03	1.4190e+02
3.9350e+03	1.3613e+02
3.9450e+03	1.3775e+02
3.9550e+03	1.3862e+02
3.9650e+03	1.3560e+02
3.9750e+03	1.1500e+02
3.9850e+03	1.4207e+02
3.9950e+03	1.3115e+02
4.0050e+03	1.3345e+02
4.0150e+03	1.3328e+02
4.0250e+03	1.3307e+02
4.0350e+03	1.3747e+02
4.0450e+03	1.4594e+02
4.0550e+03	1.4325e+02
4.0650e+03	1.3367e+02
4.0750e+03	1.4152e+02
4.0850e+03	1.3378e+02
4.0950e+03	1.3251e+02
4.1050e+03	1.3997e+02
4.1150e+03	1.2985e+02
4.1250e+03	1.3072e+02
4.1350e+03	1.2437e+02
4.1450e+03	1.1751e+02
4.1550e+03	1.2254e+02
4.1650e+03	1.1750e+02
4.1750e+03	1.1796e+02
4.1850e+03	1.1677e+02
4.1950e+03	1.1373e+02
4.2050e+03	1.0960e+02
4.2150e+03	1.1281e+02
4.2250e+03	1.0632e+02
4.2350e+03	1.0799e+02
4.2450e+03	1.0297e+02
4.2550e+03	1.0701e+02
4.2650e+03	9.7289e+01
4.2750e+03	1.0506e+02
4.2850e+03	1.0425e+02
4.2950e+03	1.0727e+02
4.3050e+03	1.0955e+02
4.3150e+03	1.0436e+02
4.3250e+03	1.0591e+02
4.3350e+03	1.1039e+02
4.3450e+03	1.0714e+02
4.3550e+03	1.1889e+02
4.3650e+03	1.1848e+02
4.3750e+03	1.2515e+02
4.3850e+03	1.3019e+02
4.3950e+03	1.3087e+02
4.4050e+03	1.4646e+02
4.4150e+03	1.5144e+02
4.4250e+03	1.5706e+02
4.4350e+03	1.5498e+02
4.4450e+03	1.6164e+02
4.4550e+03	1.6536e+02
4.4650e+03	1.7739e+02
4.4750e+03	1.8172e+02
4.4850e+03	1.6822e+02
4.4950e+03	1.6557e+02
4.5050e+03	1.6246e+02
4.5150e+03	1.5249e+02
4.5250e+03	1.7046e+02
4.5350e+03	1.5391e+02
4.5450e+03	1.5529e+02
4.5550e+03	1.4398e+02
4.5650e+03	1.3307e+02
4.5750e+03	1.3924e+02
4.5850e+03	1.3072e+02
4.5950e+03	1.2818e+02
4.6050e+03	1.2005e+02
4.6150e+03	1.2963e+02
4.6250e+03	1.2078e+02
4.6350e+03	1.1346e+02
4.6450e+03	1.1363e+02
4.6550e+03	1.0916e+02
4.6650e+03	1.0472e+02
4.6750e+03	9.3156e+01
4.6850e+03	9.5020e+01
4.6950e+03	9.2739e+01
4.7050e+03	9.8961e+01
4.7150e+03	9.1787e+01
4.7250e+03	9.9201e+01
4.7350e+03	8.8995e+01
4.7450e+03	8.5343e+01
4.7550e+03	8.6952e+01
4.7650e+03	9.2919e+01
4.7750e+03	9.5015e+01
4.7850e+03	9.0362e+01
4.7950e+03	8.7199e+01
4.8050e+03	8.9982e+01
4.8150e+03	9.8642e+01
4.8250e+03	9.6384e+01
4.8350e+03	1.0071e+02
4.8450e+03	8.9847e+01
4.8550e+03	9.5184e+01
4.8650e+03	1.0501e+02
4.8750e+03	1.0110e+02
4.8850e+03	1.1114e+02
4.8950e+03	1.0707e+02
4.9050e+03	9.6364e+01
4.9150e+03	1.1743e+02
4.9250e+03	1.1694e+02
4.9350e+03	1.1998e+02
4.9450e+03	1.0836e+02
4.9550e+03	1.0944e+02
4.9650e+03	1.2791e+02
4.9750e+03	1.2191e+02
4.9850e+03	1.2322e+02
4.9950e+03	1.2984e+02
5.0050e+03	1.3926e+02
5.0150e+03	1.5055e+02
5.0250e+03	1.3552e+02
5.0350e+03	1.4290e+02
5.0450e+03	1.4141e+02
5.0550e+03	1.5740e+02
5.0650e+03	1.5643e+02
5.0750e+03	1.6268e+02
5.0850e+03	1.7920e+02
5.0950e+03	1.6642e+02
5.1050e+03	1.8536e+02
5.1150e+03	1.7825e+02
5.1250e+03	1.9235e+02
5.1350e+03	1.9198e+02
5.1450e+03	1.9700e+02
5.1550e+03	1.8162e+02
5.1650e+03	1.9617e+02
5.1750e+03	1.9748e+02
5.1850e+03	1.8283e+02
5.1950e+03	1.9622e+02
5.2050e+03	1.8520e+02
5.2150e+03	1.8042e+02
5.2250e+03	1.8917e+02
5.2350e+03	2.0054e+02
5.2450e+03	1.7335e+02
5.2550e+03	1.6918e+02
5.2650e+03	1.8804e+02
5.2750e+03	1.8247e+02
5.2850e+03	1.6590e+02
5.2950e+03	1.7037e+02
5.3050e+03	1.7776e+02
5.3150e+03	1.6524e+02
5.3250e+03	1.7326e+02
5.3350e+03	1.7690e+02
5.3450e+03	1.5567e+02
5.3550e+03	1.5957e+02
5.3650e+03	1.6858e+02
5.3750e+03	1.7709e+02
5.3850e+03	1.4815e+02
5.3950e+03	1.5041e+02
5.4050e+03	1.4971e+02
5.4150e+03	1.5052e+02
5.4250e+03	1.5323e+02
5.4350e+03	1.4644e+02
5.4450e+03	1.3608e+02
5.4550e+03	1.4216e+02
5.4650e+03	1.3961e+02
5.4750e+03	1.4183e+02
5.4850e+03	1.2954e+02
5.4950e+03	1.3756e+02
5.5050e+03	1.3143e+02
5.5150e+03	1.2260e+02
5.5250e+03	1.2023e+02
5.5350e+03	1.1896e+02
5.5450e+03	1.3580e+02
5.5550e+03	1.1215e+02
5.5650e+03	1.1705e+02
5.5750e+03	1.0744e+02
5.5850e+03	1.1666e+02
5.5950e+03	1.0762e+02
5.6050e+03	1.0829e+02
5.6150e+03	1.0557e+02
5.6250e+03	1.0342e+02
5.6350e+03	1.0639e+02
5.6450e+03	1.0797e+02
5.6550e+03	8.8228e+01
5.6650e+03	9.4712e+01
5.6750e+03	9.9903e+01
5.6850e+03	9.1501e+01
5.6950e+03	9.7007e+01
5.7050e+03	8.2682e+01
5.7150e+03	9.1379e+01
5.7250e+03	8.9270e+01
5.7350e+03	7.4047e+01
5.7450e+03	7.9294e+01
5.7550e+03	8.7381e+01
5.7650e+03	7.8287e+01
5.7750e+03	9.1219e+01
5.7850e+03	8.1516e+01
5.7950e+03	9.1396e+01
5.8050e+03	7.7128e+01
5.8150e+03	8.0883e+01
5.8250e+03	8.4680e+01
5.8350e+03	7.8056e+01
5.8450e+03	8.0953e+01
5.8550e+03	8.6778e+01
5.8650e+03	9.0086e+01
5.8750e+03	8.8716e+01
5.8850e+03	8.5944e+01
5.8950e+03	8.1796e+01
5.9050e+03	8.2473e+01
5.9150e+03	7.3068e+01
5.9250e+03	7.6284e+01
5.9350e+03	7.9289e+01
5.9450e+03	7.8303e+01
5.9550e+03	7.8309e+01
5.9650e+03	7.4190e+01
5.9750e+03	6.8749e+01
5.9850e+03	6.7823e+01
5.9950e+03	7.1531e+01
6.0050e+03	6.5054e+01
6.0150e+03	7.2200e+01
6.0250e+03	6.5041e+01
6.0350e+03	6.6709e+01
6.0450e+03	6.3769e+01
6.0550e+03	6.6800e+01
6.0650e+03	6.6678e+01
6.0750e+03	6.2906e+01
6.0850e+03	6.5773e+01
6.0950e+03	5.9969e+01
6.1050e+03	7.7857e+01
6.1150e+03	7.2612e+01
6.1250e+03	7.4661e+01
6.1350e+03	6.9798e+01
6.1450e+03	7.8174e+01
6.1550e+03	8.1237e+01
6.1650e+03	7.8108e+01
6.1750e+03	8.1421e+01
6.1850e+03	8.1158e+01
6.1950e+03	8.6941e+01
6.2050e+03	8.3687e+01
6.2150e+03	9.2105e+01
6.2250e+03	9.6197e+01
6.2350e+03	7.9866e+01
6.2450e+03	9.2529e+01
6.2550e+03	9.2186e+01
6.2650e+03	8.0433e+01
6.2750e+03	8.7375e+01
6.2850e+03	8.1633e+01
6.2950e+03	8.2436e+01
6.3050e+03	9.0208e+01
6.3150e+03	8.5205e+01
6.3250e+03	8.2459e+01
6.3350e+03	9.0514e+01
6.3450e+03	8.0686e+01
6.3550e+03	8.9631e+01
6.3650e+03	7.8691e+01
6.3750e+03	8.8138e+01
6.3850e+03	8.8203e+01
6.3950e+03	7.7030e+01
6.4050e+03	8.7168e+01
6.4150e+03	7.6662e+01
6.4250e+03	8.3518e+01
6.4350e+03	7.0905e+01
6.4450e+03	7.5329e+01
6.4550e+03	8.4049e+01
6.4650e+03	7.1424e+01
6.4750e+03	8.1112e+01
6.4850e+03	6.5924e+01
6.4950e+03	7.3358e+01
6.5050e+03	7.3951e+01
6.5150e+03	7.3022e+01
6.5250e+03	6.7630e+01
6.5350e+03	7.4315e+01
6.5450e+03	6.7894e+01
6.5550e+03	6.4638e+01
6.5650e+03	6.2987e+01
6.5750e+03	6.5830e+01
6.5850e+03	6.3822e+01
6.5950e+03	6.9677e+01
6.6050e+03	5.9204e+01
6.6150e+03	5.5310e+01
6.6250e+03	5.7317e+01
6.6350e+03	5.1186e+01
6.6450e+03	5.8760e+01
6.6550e+03	6.0881e+01
6.6650e+03	5.7387e+01
6.6750e+03	5.6014e+01
6.6850e+03	4.9903e+01
6.6950e+03	5.2379e+01
6.7050e+03	3.9462e+01
6.7150e+03	4.1428e+01
6.7250e+03	4.5440e+01
6.7350e+03	4.7986e+01
6.7450e+03	4.4185e+01
6.7550e+03	4.2572e+01
6.7650e+03	4.4346e+01
6.7750e+03	3.9034e+01
6.7850e+03	3.8739e+01
6.7950e+03	3.9193e+01
6.8050e+03	3.6405e+01
6.8150e+03	3.7229e+01
6.8250e+03	3.0255e+01
6.8350e+03	4.1608e+01
6.8450e+03	3.7546e+01
6.8550e+03	3.7283e+01
6.8650e+03	2.9472e+01
6.8750e+03	3.1316e+01
6.8850e+03	2.5293e+01
6.8950e+03	3.0910e+01
6.9050e+03	2.9766e+01
6.9150e+03	3.8802e+01
6.9250e+03	3.6082e+01
6.9350e+03	4.0420e+01
6.9450e+03	3.0068e+01
6.9550e+03	3.4558e+01
6.9650e+03	3.0988e+01
6.9750e+03	3.0734e+01
6.9850e+03	2.5418e+01
6.9950e+03	2.8929e+01
7.0050e+03	2.6428e+01
7.0150e+03	3.0556e+01
7.0250e+03	2.9324e+01
7.0350e+03	2.9850e+01
7.0450e+03	2.8812e+01
7.0550e+03	2.7169e+01
7.0650e+03	2.4905e+01
7.0750e+03	3.0690e+01
7.0850e+03	3.5724e+01
7.0950e+03	3.2138e+01
7.1050e+03	3.0661e+01
7.1150e+03	2.7041e+01
7.1250e+03	2.8434e+01
7.1350e+03	2.8882e+01
7.1450e+03	3.3661e+01
7.1550e+03	2.6713e+01
7.1650e+03	3.0486e+01
7.1750e+03	3.0968e+01
7.1850e+03	2.8435e+01
7.1950e+03	2.8087e+01
7.2050e+03	2.7648e+01
7.2150e+03	2.7420e+01
7.2250e+03	2.5691e+01
7.2350e+03	3.0631e+01
7.2450e+03	2.2041e+01
7.2550e+03	3.0963e+01
7.2650e+03	2.9251e+01
7.2750e+03	2.5286e+01
7.2850e+03	2.6388e+01
7.2950e+03	2.8945e+01
7.3050e+03	2.3351e+01
7.3150e+03	2.3107e+01
7.3250e+03	2.8845e+01
7.3350e+03	2.3217e+01
7.3450e+03	2.2593e+01
7.3550e+03	2.5517e+01
7.3650e+03	1.9311e+01
7.3750e+03	2.0366e+01
7.3850e+03	2.5923e+01
7.3950e+03	2.3172e+01
7.4050e+03	2.4244e+01
7.4150e+03	2.4184e+01
7.4250e+03	2.2072e+01
7.4350e+03	2.6718e+01
7.4450e+03	2.7624e+01
7.4550e+03	2.3092e+01
7.4650e+03	2.2555e+01
7.4750e+03	2.6573e+01
7.4850e+03	2.7491e+01
7.4950e+03	2.0228e+01
7.5050e+03	3.0952e+01
7.5150e+03	2.6732e+01
7.5250e+03	3.3093e+01
7.5350e+03	2.6196e+01
7.5450e+03	2.9735e+01
7.5550e+03	2.4443e+01
7.5650e+03	3.1133e+01
7.5750e+03	3.1060e+01
7.5850e+03	2.6310e+01
7.5950e+03	3.1966e+01
7.6050e+03	2.8721e+01
7.6150e+03	2.6923e+01
7.6250e+03	3.0620e+01
7.6350e+03	2.9162e+01
7.6450e+03	3.2988e+01
7.6550e+03	3.5929e+01
7.6650e+03	2.7578e+01
7.6750e+03	3.5377e+01
7.6850e+03	3.1194e+01
7.6950e+03	3.6260e+01
7.7050e+03	3.7646e+01
7.7150e+03	3.4453e+01
7.7250e+03	4.0612e+01
7.7350e+03	3.5241e+01
7.7450e+03	3.9741e+01
7.7550e+03	3.9609e+01
7.7650e+03	4.1329e+01
7.7750e+03	3.8650e+01
7.7850e+03	4.6247e+01
7.7950e+03	4.9255e+01
7.8050e+03	4.4932e+01
7.8150e+03	3.8101e+01
7.8250e+03	4.6051e+01
7.8350e+03	4.3206e+01
7.8450e+03	3.8034e+01
7.8550e+03	4.3254e+01
7.8650e+03	4.7737e+01
7.8750e+03	4.9287e+01
7.8850e+03	4.1703e+01
7.8950e+03	4.3201e+01
7.9050e+03	5.0496e+01
7.9150e+03	4.7606e+01
7.9250e+03	4.8896e+01
7.9350e+03	4.5974e+01
7.9450e+03	5.1382e+01
7.9550e+03	5.3864e+01
7.9650e+03	5.5405e+01
7.9750e+03	5.1932e+01
7.9850e+03	4.8464e+01
7.9950e+03	5.3149e+01
8.0050e+03	5.7978e+01
8.0150e+03	5.2408e+01
8.0250e+03	6.0344e+01
8.0350e+03	5.3785e+01
8.0450e+03	5.4309e+01
8.0550e+03	5.6239e+01
8.0650e+03	6.1046e+01
8.0750e+03	5.6919e+01
8.0850e+03	5.3000e+01
8.0950e+03	6.8749e+01
8.1050e+03	6.3302e+01
8.1150e+03	6.5620e+01
8.1250e+03	6.1016e+01
8.1350e+03	6.6210e+01
8.1450e+03	6.4297e+01
8.1550e+03	6.1267e+01
8.1650e+03	7.5029e+01
8.1750e+03	7.7290e+01
8.1850e+03	7.5248e+01
8.1950e+03	7.1924e+01
8.2050e+03	7.4645e+01
8.2150e+03	7.2836e+01
8.2250e+03	6.6829e+01
8.2350e+03	7.5431e+01
8.2450e+03	6.6727e+01
8.2550e+03	8.6052e+01
8.2650e+03	7.4115e+01
8.2750e+03	7.9437e+01
8.2850e+03	7.7263e+01
8.2950e+03	8.0307e+01
8.3050e+03	8.5555e+01
8.3150e+03	8.2328e+01
8.3250e+03	7.7039e+01
8.3350e+03	7.9339e+01
8.3450e+03	7.9093e+01
8.3550e+03	7.8645e+01
8.3650e+03	8.0621e+01
8.3750e+03	7.2840e+01
8.3850e+03	7.9002e+01
8.3950e+03	7.4836e+01
8.4050e+03	7.7019e+01
8.4150e+03	6.6480e+01
8.4250e+03	7.3770e+01
8.4350e+03	7.1966e+01
8.4450e+03	8.0335e+01
8.4550e+03	8.4301e+01
8.4650e+03	7.6084e+01
8.4750e+03	7.0764e+01
8.4850e+03	7.6026e+01
8.4950e+03	8.2636e+01
8.5050e+03	7.2419e+01
8.5150e+03	7.2361e+01
8.5250e+03	7.7282e+01
8.5350e+03	7.7899e+01
8.5450e+03	8.8249e+01
8.5550e+03	8.1871e+01
8.5650e+03	6.5427e+01
8.5750e+03	7.5359e+01
8.5850e+03	7.0421e+01
8.5950e+03	7.7990e+01
8.6050e+03	6.6580e+01
8.6150e+03	7.1542e+01
8.6250e+03	7.3630e+01
8.6350e+03	7.0355e+01
8.6450e+03	6.5710e+01
8.6550e+03	6.9683e+01
8.6650e+03	7.3357e+01
8.6750e+03	6.5597e+01
8.6850e+03	7.0188e+01
8.6950e+03	7.2863e+01
8.7050e+03	7.7982e+01
8.7150e+03	6.7401e+01
8.7250e+03	6.5876e+01
8.7350e+03	6.6418e+01
8.7450e+03	6.7479e+01
8.7550e+03	6.2736e+01
8.7650e+03	6.7816e+01
8.7750e+03	6.7626e+01
8.7850e+03	6.8545e+01
8.7950e+03	6.6104e+01
8.8050e+03	6.1957e+01
8.8150e+03	6.6172e+01
8.8250e+03	6.3284e+01
8.8350e+03	6.0494e+01
8.8450e+03	4.9058e+01
8.8550e+03	5.7974e+01
8.8650e+03	5.2573e+01
8.8750e+03	6.5570e+01
8.8850e+03	6.4637e+01
8.8950e+03	6.5906e+01
8.9050e+03	6.0431e+01
8.9150e+03	5.0130e+01
8.9250e+03	5.4849e+01
8.9350e+03	5.9445e+01
8.9450e+03	5.3866e+01
8.9550e+03	5.2724e+01
8.9650e+03	5.2701e+01
8.9750e+03	4.6608e+01
8.9850e+03	4.8033e+01
8.9950e+03	5.1166e+01
9.0050e+03	5.0329e+01
9.0150e+03	5.1370e+01
9.0250e+03	4.9950e+01
9.0350e+03	5.0799e+01
9.0450e+03	4.5019e+01
9.0550e+03	5.2850e+01
9.0650e+03	5.1841e+01
9.0750e+03	4.8556e+01
9.0850e+03	5.2534e+01
9.0950e+03	5.0088e+01
9.1050e+03	4.2540e+01
9.1150e+03	4.8750e+01
9.1250e+03	4.3266e+01
9.1350e+03	4.4842e+01
9.1450e+03	4.5297e+01
9.1550e+03	5.0282e+01
9.1650e+03	4.7472e+01
9.1750e+03	5.0043e+01
9.1850e+03	4.6865e+01
9.1950e+03	4.6516e+01
9.2050e+03	4.1484e+01
9.2150e+03	4.0247e+01
9.2250e+03	4.3410e+01
9.2350e+03	4.2574e+01
9.2450e+03	3.9605e+01
9.2550e+03	4.2069e+01
9.2650e+03	3.8132e+01
9.2750e+03	3.4535e+01
9.2850e+03	4.4309e+01
9.2950e+03	3.4026e+01
9.3050e+03	3.9932e+01
9.3150e+03	3.4494e+01
9.3250e+03	3.1961e+01
9.3350e+03	3.6456e+01
9.3450e+03	4.0334e+01
9.3550e+03	3.8035e+01
9.3650e+03	3.8036e+01
9.3750e+03	3.1617e+01
9.3850e+03	3.2726e+01
9.3950e+03	3.5087e+01
9.4050e+03	3.2605e+01
9.4150e+03	3.5954e+01
9.4250e+03	3.9603e+01
9.4350e+03	3.0551e+01
9.4450e+03	2.8639e+01
9.4550e+03	3.5699e+01
9.4650e+03	3.1189e+01
9.4750e+03	3.0268e+01
9.4850e+03	3.0811e+01
9.4950e+03	2.4971e+01
9.5050e+03	2.9436e+01
9.5150e+03	3.2678e+01
9.5250e+03	2.5205e+01
9.5350e+03	2.8067e+01
9.5450e+03	2.4651e+01
9.5550e+03	2.4646e+01
9.5650e+03	2.6268e+01
9.5750e+03	2.3079e+01
9.5850e+03	2.3669e+01
9.5950e+03	2.7356e+01
9.6050e+03	2.3949e+01
9.6150e+03	2.0270e+01
9.6250e+03	2.6947e+01
9.6350e+03	2.1416e+01
9.6450e+03	2.2978e+01
9.6550e+03	2.0731e+01
9.6650e+03	2.0995e+01
9.6750e+03	2.2878e+01
9.6850e+03	2.4180e+01
9.6950e+03	1.9504e+01
9.7050e+03	2.0062e+01
9.7150e+03	2.3759e+01
9.7250e+03	1.7681e+01
9.7350e+03	1.9586e+01
9.7450e+03	1.4781e+01
9.7550e+03	1.9674e+01
9.7650e+03	1.5918e+01
9.7750e+03	1.9346e+01
9.7850e+03	1.9462e+01
9.7950e+03	1.7819e+01
9.8050e+03	1.5528e+01
9.8150e+03	1.8205e+01
9.8250e+03	1.4891e+01
9.8350e+03	1.5288e+01
9.8450e+03	1.4606e+01
9.8550e+03	1.5760e+01
9.8650e+03	1.6460e+01
9.8750e+03	1.6091e+01
9.8850e+03	1.2803e+01
9.8950e+03	1.8246e+01
9.9050e+03	1.4607e+01
9.9150e+03	1.8185e+01
9.9250e+03	1.4299e+01
9.9350e+03	1.4830e+01
9.9450e+03	1.3696e+01
9.9550e+03	1.2820e+01
9.9650e+03	1.4128e+01
9.9750e+03	1.6232e+01
9.9850e+03	1.0365e+01
9.9950e+03	1.1342e+01
1.0005e+04	1.2959e+01
1.0015e+04	1.2515e+01
1.0025e+04	1.2740e+01
1.0035e+04	1.0947e+01
1.0045e+04	9.4516e+00
1.0055e+04	1.1636e+01
1.0065e+04	1.1613e+01
1.0075e+04	1.0284e+01
1.0085e+04	1.3958e+01
1.0095e+04	1.4089e+01
1.0105e+04	1.1973e+01
1.0115e+04	1.0030e+01
1.0125e+04	1.2556e+01
1.0135e+04	1.1291e+01
1.0145e+04	8.2764e+00
1.0155e+04	1.0061e+01
1.0165e+04	8.5452e+00
1.0175e+04	1.3438e+01
1.0185e+04	1.1861e+01
1.0195e+04	9.8373e+00
1.0205e+04	1.0413e+01
1.0215e+04	6.5500e+00
1.0225e+04	1.0447e+01
1.0235e+04	1.0650e+01
1.0245e+04	9.7710e+00
1.0255e+04	1.0118e+01
1.0265e+04	8.5808e+00
1.0275e+04	6.3509e+00
1.0285e+04	8.4421e+00
1.0295e+04	8.1472e+00
1.0305e+04	1.2055e+01
1.0315e+04	8.1297e+00
1.0325e+04	1.0894e+01
1.0335e+04	8.5701e+00
1.0345e+04	7.1130e+00
1.0355e+04	6.6176e+00
1.0365e+04	9.4787e+00
1.0375e+04	9.6156e+00
1.0385e+04	8.8680e+00
1.0395e+04	8.0990e+00
1.0405e+04	9.2904e+00
1.0415e+04	8.3588e+00
1.0425e+04	1.0786e+01
1.0435e+04	8.4380e+00
1.0445e+04	8.2870e+00
1.0455e+04	7.3827e+00
1.0465e+04	6.6926e+00
1.0475e+04	8.2843e+00
1.0485e+04	6.3670e+00
1.0495e+04	6.6003e+00
1.0505e+04	7.1129e+00
1.0515e+04	7.6175e+00
1.0525e+04	7.4734e+00
1.0535e+04	5.5943e+00
1.0545e+04	6.8355e+00
1.0555e+04	1.0064e+01
1.0565e+04	7.6537e+00
1.0575e+04	8.6688e+00
1.0585e+04	1.1791e+01
1.0595e+04	7.9209e+00
1.0605e+04	8.9958e+00
1.0615e+04	9.6630e+00
1.0625e+04	9.1908e+00
1.0635e+04	9.8600e+00
1.0645e+04	8.7485e+00
1.0655e+04	9.2802e+00
1.0665e+04	8.1324e+00
1.0675e+04	1.0800e+01
1.0685e+04	8.5142e+00
1.0695e+04	6.0380e+00
1.0705e+04	6.6990e+00
1.0715e+04	9.3303e+00
1.0725e+04	7.1760e+00
1.0735e+04	5.5291e+00
1.0745e+04	1.1462e+01
1.0755e+04	5.7420e+00
1.0765e+04	1.0064e+01
1.0775e+04	6.9669e+00
1.0785e+04	6.7074e+00
1.0795e+04	8.2267e+00
1.0805e+04	1.0108e+01
1.0815e+04	1.0818e+01
1.0825e+04	8.4409e+00
1.0835e+04	6.5100e+00
1.0845e+04	8.2489e+00
1.0855e+04	7.5639e+00
1.0865e+04	8.2855e+00
1.0875e+04	8.8489e+00
1.0885e+04	8.4598e+00
1.0895e+04	8.2773e+00
1.0905e+04	7.6125e+00
1.0915e+04	9.1122e+00
1.0925e+04	6.8072e+00
1.0935e+04	8.3833e+00
1.0945e+04	9.9677e+00
1.0955e+04	8.4600e+00
1.0965e+04	9.0493e+00
1.0975e+04	9.6554e+00
1.0985e+04	9.2909e+00
1.0995e+04	1.0561e+01
1.1005e+04	9.0267e+00
1.1015e+04	6.4267e+00
1.1025e+04	1.1675e+01
1.1035e+04	7.6309e+00
1.1045e+04	6.5769e+00
1.1055e+04	8.6739e+00
1.1065e+04	5.8151e+00
1.1075e+04	1.1171e+01
1.1085e+04	1.1645e+01
1.1095e+04	8.0486e+00
1.1105e+04	9.4741e+00
1.1115e+04	1.1902e+01
1.1125e+04	9.5417e+00
1.1135e+04	8.3027e+00
1.1145e+04	4.7659e+00
1.1155e+04	9.7565e+00
1.1165e+04	7.3529e+00
1.1175e+04	9.9317e+00
1.1185e+04	1.0146e+01
1.1195e+04	6.5802e+00
1.1205e+04	6.0682e+00
1.1215e+04	6.8098e+00
1.1225e+04	9.9318e+00
1.1235e+04	8.4552e+00
1.1245e+04	6.7880e+00
1.1255e+04	9.4682e+00
1.1265e+04	1.0966e+01
1.1275e+04	7.3040e+00
1.1285e+04	7.9321e+00
1.1295e+04	7.8402e+00
1.1305e+04	7.8306e+00
1.1315e+04	9.9515e+00
1.1325e+04	7.3585e+00
1.1335e+04	8.0131e+00
1.1345e+04	1.0112e+01
1.1355e+04	6.3049e+00
1.1365e+04	7.1341e+00
1.1375e+04	6.5274e+00
1.1385e+04	4.8388e+00
1.1395e+04	7.0668e+00
1.1405e+04	5.9089e+00
1.1415e+04	8.1181e+00
1.1425e+04	4.2708e+00
1.1435e+04	8.6183e+00
1.1445e+04	7.7168e+00
1.1455e+04	6.1321e+00
1.1465e+04	7.2190e+00
1.1475e+04	8.3638e+00
1.1485e+04	5.5787e+00
1.1495e+04	6.1530e+00
1.1505e+04	7.0792e+00
1.1515e+04	6.5549e+00
1.1525e+04	3.6611e+00
1.1535e+04	4.9327e+00
1.1545e+04	4.3534e+00
1.1555e+04	5.3568e+00
1.1565e+04	4.9297e+00
1.1575e+04	5.2707e+00
1.1585e+04	4.4371e+00
1.1595e+04	5.2250e+00
1.1605e+04	4.0700e+00
1.1615e+04	4.6341e+00
1.1625e+04	6.4568e+00
1.1635e+04	6.2418e+00
1.1645e+04	6.9464e+00
1.1655e+04	6.0877e+00
1.1665e+04	3.4318e+00
1.1675e+04	4.7220e+00
1.1685e+04	3.7284e+00
1.1695e+04	4.2176e+00
1.1705e+04	5.7779e+00
1.1715e+04	4.4783e+00
1.1725e+04	7.5615e+00
1.1735e+04	2.8304e+00
1.1745e+04	5.2287e+00
1.1755e+04	7.7735e+00
1.1765e+04	6.7033e+00
1.1775e+04	4.0157e+00
1.1785e+04	3.6421e+00
1.1795e+04	4.2609e+00
1.1805e+04	5.9729e+00
1.1815e+04	3.3284e+00
1.1825e+04	4.2749e+00
1.1835e+04	3.7208e+00
1.1845e+04	5.7549e+00
1.1855e+04	3.2651e+00
1.1865e+04	4.4041e+00
1.1875e+04	2.7795e+00
1.1885e+04	3.9211e+00
1.1895e+04	5.1372e+00
1.1905e+04	4.8089e+00
1.1915e+04	2.9305e+00
1.1925e+04	4.2454e+00
1.1935e+04	4.1194e+00
1.1945e+04	3.8685e+00
1.1955e+04	4.6328e+00
1.1965e+04	5.7421e+00
1.1975e+04	4.1788e+00
1.1985e+04	6.2493e+00
1.1995e+04	3.8829e+00
1.2005e+04	3.5545e+00
1.2015e+04	3.0743e+00
1.2025e+04	4.8116e+00
1.2035e+04	4.5620e+00
1.2045e+04	4.4043e+00
1.2055e+04	2.3922e+00
1.2065e+04	3.9405e+00
1.2075e+04	2.8665e+00
1.2085e+04	3.9930e+00
1.2095e+04	3.7633e+00
1.2105e+04	2.7899e+00
1.2115e+04	4.6282e+00
1.2125e+04	3.6359e+00
1.2135e+04	3.2242e+00
1.2145e+04	3.3509e+00
1.2155e+04	1.9219e+00
1.2165e+04	2.9100e+00
1.2175e+04	2.6224e+00
1.2185e+04	3.7124e+00
1.2195e+04	1.9754e+00
1.2205e+04	3.8862e+00
1.2215e+04	1.5334e+00
1.2225e+04	2.5552e+00
1.2235e+04	3.7091e+00
1.2245e+04	1.8564e+00
1.2255e+04	4.1883e+00
1.2265e+04	3.6621e+00
1.2275e+04	1.7836e+00
1.2285e+04	2.7962e+00
1.2295e+04	3.0359e+00
1.2305e+04	3.3938e+00
1.2315e+04	2.6240e+00
1.2325e+04	2.5815e+00
1.2335e+04	1.9952e+00
1.2345e+04	2.3095e+00
1.2355e+04	3.7625e+00
1.2365e+04	1.6642e+00
1.2375e+04	3.0701e+00
1.2385e+04	5.6171e+00
1.2395e+04	2.5780e+00
1.2405e+04	1.3301e+00
1.2415e+04	3.1598e+00
1.2425e+04	5.3646e+00
1.2435e+04	2.1195e+00
1.2445e+04	2.1387e+00
1.2455e+04	3.4047e+00
1.2465e+04	2.7419e+00
1.2475e+04	4.7322e+00
1.2485e+04	2.8888e+00
1.2495e+04	2.7722e+00
1.2505e+04	4.0777e+00
1.2515e+04	2.5767e+00
1.2525e+04	3.0715e+00
1.2535e+04	4.1303e+00
1.2545e+04	2.5831e+00
1.2555e+04	2.2065e+00
1.2565e+04	2.8603e+00
1.2575e+04	2.8041e+00
1.2585e+04	4.3354e+00
1.2595e+04	2.4842e+00
1.2605e+04	3.9449e+00
1.2615e+04	1.8043e+00
1.2625e+04	2.2534e+00
1.2635e+04	2.0783e+00
1.2645e+04	2.7107e+00
1.2655e+04	4.2779e+00
1.2665e+04	1.3339e+00
1.2675e+04	2.4197e+00
1.2685e+04	3.0431e+00
1.2695e+04	2.8448e+00
1.2705e+04	3.5081e+00
1.2715e+04	5.2801e+00
1.2725e+04	3.9089e+00
1.2735e+04	1.3267e+00
1.2745e+04	2.1613e+00
1.2755e+04	2.0546e+00
1.2765e+04	4.2698e+00
1.2775e+04	3.7991e+00
1.2785e+04	2.2672e+00
1.2795e+04	1.8350e+00
1.2805e+04	3.1308e+00
1.2815e+04	2.1778e+00
1.2825e+04	2.1797e+00
1.2835e+04	3.4731e+00
1.2845e+04	2.6840e+00
1.2855e+04	5.3755e-01
1.2865e+04	1.7615e+00
1.2875e+04	1.6133e+00
1.2885e+04	2.2681e+00
1.2895e+04	4.2591e+00
1.2905e+04	2.9316e+00
1.2915e+04	3.9235e+00
1.2925e+04	2.2451e+00
1.2935e+04	1.7858e+00
1.2945e+04	1.9901e+00
1.2955e+04	2.5666e+00
1.2965e+04	3.7856e+00
1.2975e+04	1.8564e+00
1.2985e+04	1.2889e+00
1.2995e+04	4.3492e+00
1.3005e+04	1.2485e+00
1.3015e+04	1.8343e+00
1.3025e+04	1.7669e+00
1.3035e+04	1.4444e+00
1.3045e+04	3.3735e+00
1.3055e+04	5.8293e-01
1.3065e+04	1.3997e+00
1.3075e+04	3.8657e+00
1.3085e+04	1.3548e+00
1.3095e+04	2.0140e+00
1.3105e+04	2.3724e+00
1.3115e+04	2.6394e+00
1.3125e+04	2.5783e+00
1.3135e+04	2.4218e+00
1.3145e+04	2.1428e+00
1.3155e+04	2.3907e+00
1.3165e+04	1.5659e+00
1.3175e+04	2.7550e+00
1.3185e+04	4.3197e+00
1.3195e+04	2.4612e+00
1.3205e+04	1.7877e+00
1.3215e+04	3.0085e+00
1.3225e+04	1.0548e+00
1.3235e+04	9.9099e-01
1.3245e+04	2.3067e+00
1.3255e+04	2.6580e+00
1.3265e+04	1.6082e+00
1.3275e+04	1.3737e+00
1.3285e+04	3.1086e+00
1.3295e+04	1.3434e+00
1.3305e+04	1.4229e+00
1.3315e+04	1.4057e+00
1.3325e+04	4.9324e-01
1.3335e+04	3.1023e+00
1.3345e+04	2.0576e+00
1.3355e+04	1.8877e+00
1.3365e+04	9.5783e-01
1.3375e+04	1.6459e+00
1.3385e+04	1.0960e+00
1.3395e+04	1.2049e+00
1.3405e+04	2.7446e+00
1.3415e+04	1.7287e+00
1.3425e+04	2.3986e+00
1.3435e+04	1.0087e+00
1.3445e+04	2.4675e+00
1.3455e+04	1.6452e+00
1.3465e+04	2.6981e+00
1.3475e+04	2.7829e+00
1.3485e+04	2.4573e+00
1.3495e+04	1.4345e+00
1.3505e+04	3.8511e+00
1.3515e+04	2.4674e+00
1.3525e+04	1.2432e+00
1.3535e+04	7.6669e-01
1.3545e+04	3.0870e+00
1.3555e+04	1.5076e+00
1.3565e+04	2.2015e+00
1.3575e+04	1.3542e+00
1.3585e+04	1.1331e+00
1.3595e+04	2.2703e+00
1.3605e+04	2.0582e+00
1.3615e+04	8.0359e-01
1.3625e+04	1.9719e+00
1.3635e+04	1.7695e+00
1.3645e+04	2.0831e+00
1.3655e+04	1.4574e+00
1.3665e+04	5.7748e-01
1.3675e+04	1.2259e+00
1.3685e+04	4.7969e-01
1.3695e+04	6.7512e-01
1.3705e+04	1.1870e+00
1.3715e+04	2.0984e+00
1.3725e+04	1.5410e+00
1.3735e+04	1.3558e+00
1.3745e+04	2.7613e+00
1.3755e+04	2.4670e+00
1.3765e+04	1.5656e+00
1.3775e+04	1.5140e+00
1.3785e+04	1.4218e+00
1.3795e+04	2.9485e+00
1.3805e+04	8.5514e-01
1.3815e+04	1.9833e+00
1.3825e+04	1.0883e+00
1.3835e+04	1.4259e+00
1.3845e+04	1.2759e+00
1.3855e+04	2.6092e+00
1.3865e+04	1.5009e+00
1.3875e+04	1.0836e+00
1.3885e+04	7.1593e-01
1.3895e+04	1.9347e+00
1.3905e+04	1.1245e+00
1.3915e+04	9.2784e-01
1.3925e+04	2.2511e+00
1.3935e+04	1.2510e+00
1.3945e+04	2.0696e+00
1.3955e+04	5.6946e-01
1.3965e+04	2.0441e+00
1.3975e+04	1.9411e+00
1.3985e+04	1.7403e+00
1.3995e+04	2.7618e+00
1.4005e+04	2.0969e+00
1.4015e+04	8.6064e-01
1.4025e+04	2.0439e+00
1.4035e+04	1.7223e+00
1.4045e+04	2.7383e+00
1.4055e+04	3.9834e-01
1.4065e+04	2.8312e+00
1.4075e+04	1.9508e+00
1.4085e+04	1.7924e+00
1.4095e+04	2.2565e+00
1.4105e+04	1.3295e+00
1.4115e+04	1.2803e+00
1.4125e+04	5.8039e-01
1.4135e+04	1.3584e+00
1.4145e+04	2.1894e+00
1.4155e+04	2.5603e+00
1.4165e+04	9.5978e-01
1.4175e+04	1.2544e+00
1.4185e+04	2.2818e+00
1.4195e+04	6.5192e-01
1.4205e+04	7.3975e-01
1.4215e+04	1.0885e+00
1.4225e+04	1.9886e+00
1.4235e+04	7.8044e-01
1.4245e+04	3.0686e+00
1.4255e+04	5.9008e-01
1.4265e+04	9.0552e-01
1.4275e+04	1.3006e+00
1.4285e+04	1.2631e+00
1.4295e+04	1.3754e+00
1.4305e+04	1.1469e+00
1.4315e+04	2.0999e-01
1.4325e+04	1.8263e+00
1.4335e+04	1.4989e+00
1.4345e+04	5.5319e-01
1.4355e+04	1.0114e+00
1.4365e+04	1.8973e+00
1.4375e+04	9.7223e-01
1.4385e+04	2.0888e+00
1.4395e+04	1.8017e+00
1.4405e+04	1.3567e+00
1.4415e+04	6.3240e-01
1.4425e+04	1.2685e+00
1.4435e+04	2.3880e+00
1.4445e+04	4.5547e-01
1.4455e+04	1.0342e+00
1.4465e+04	2.4516e+00
1.4475e+04	1.2464e+00
1.4485e+04	2.2889e+00
1.4495e+04	1.7078e+00
1.4505e+04	1.0689e+00
1.4515e+04	9.6338e-01
1.4525e+04	1.7478e+00
1.4535e+04	1.1895e+00
1.4545e+04	1.5221e+00
1.4555e+04	7.5454e-01
1.4565e+04	7.2769e-01
1.4575e+04	5.1049e-01
1.4585e+04	6.8758e-01
1.4595e+04	2.2440e+00
1.4605e+04	1.8750e+00
1.4615e+04	1.3553e+00
1.4625e+04	5.8892e-01
1.4635e+04	1.0466e+00
1.4645e+04	2.1087e+00
1.4655e+04	9.3878e-01
1.4665e+04	1.2867e+00
1.4675e+04	8.1488e-01
1.4685e+04	4.0620e-01
1.4695e+04	2.1071e+00
1.4705e+04	9.8069e-01
1.4715e+04	4.9734e-01
1.4725e+04	1.5109e+00
1.4735e+04	1.7847e+00
1.4745e+04	1.0161e+00
1.4755e+04	1.2216e+00
1.4765e+04	2.2379e+00
1.4775e+04	1.5923e+00
1.4785e+04	1.1773e+00
1.4795e+04	1.0247e+00
1.4805e+04	1.7145e+00
1.4815e+04	2.3888e+00
1.4825e+04	6.1252e-01
1.4835e+04	2.0675e+00
1.4845e+04	1.6186e+00
1.4855e+04	7.9998e-01
1.4865e+04	1.5409e+00
1.4875e+04	1.2691e+00
1.4885e+04	1.1065e+00
1.4895e+04	1.4202e+00
1.4905e+04	6.0712e-01
1.4915e+04	1.3559e+00
1.4925e+04	2.2249e+00
1.4935e+04	1.2711e+00
1.4945e+04	1.5037e+00
1.4955e+04	9.6731e-01
1.4965e+04	1.2594e+00
1.4975e+04	7.5857e-01
1.4985e+04	2.4203e+00
1.4995e+04	4.0080e-01
1.5005e+04	2.6658e+00
