1.0500e+02	5.5625e+00
1.1500e+02	0.0000e+00
1.2500e+02	0.0000e+00
1.3500e+02	0.0000e+00
1.4500e+02	0.0000e+00
1.5500e+02	0.0000e+00
1.6500e+02	0.0000e+00
1.7500e+02	0.0000e+00
1.8500e+02	0.0000e+00
1.9500e+02	0.0000e+00
2.0500e+02	0.0000e+00
2.1500e+02	0.0000e+00
2.2500e+02	0.0000e+00
2.3500e+02	0.0000e+00
2.4500e+02	0.0000e+00
2.5500e+02	0.0000e+00
2.6500e+02	0.0000e+00
2.7500e+02	0.0000e+00
2.8500e+02	0.0000e+00
2.9500e+02	0.0000e+00
3.0500e+02	0.0000e+00
3.1500e+02	0.0000e+00
3.2500e+02	0.0000e+00
3.3500e+02	0.0000e+00
3.4500e+02	0.0000e+00
3.5500e+02	0.0000e+00
3.6500e+02	0.0000e+00
3.7500e+02	0.0000e+00
3.8500e+02	0.0000e+00
3.9500e+02	0.0000e+00
4.0500e+02	0.0000e+00
4.1500e+02	0.0000e+00
4.2500e+02	0.0000e+00
4.3500e+02	0.0000e+00
4.4500e+02	0.0000e+00
4.5500e+02	0.0000e+00
4.6500e+02	0.0000e+00
4.7500e+02	0.0000e+00
4.8500e+02	0.0000e+00
4.9500e+02	0.0000e+00
5.0500e+02	0.0000e+00
5.1500e+02	0.0000e+00
5.2500e+02	0.0000e+00
5.3500e+02	0.0000e+00
5.4500e+02	0.0000e+00
5.5500e+02	0.0000e+00
5.6500e+02	0.0000e+00
5.7500e+02	0.0000e+00
5.8500e+02	0.0000e+00
5.9500e+02	0.0000e+00
6.0500e+02	0.0000e+00
6.1500e+02	0.0000e+00
6.2500e+02	0.0000e+00
6.3500e+02	0.0000e+00
6.4500e+02	0.0000e+00
6.5500e+02	0.0000e+00
6.6500e+02	0.0000e+00
6.7500e+02	0.0000e+00
6.8500e+02	0.0000e+00
6.9500e+02	0.0000e+00
7.0500e+02	0.0000e+00
7.1500e+02	0.0000e+00
7.2500e+02	0.0000e+00
7.3500e+02	0.0000e+00
7.4500e+02	0.0000e+00
7.5500e+02	0.0000e+00
7.6500e+02	0.0000e+00
7.7500e+02	0.0000e+00
7.8500e+02	0.0000e+00
7.9500e+02	0.0000e+00
8.0500e+02	0.0000e+00
8.1500e+02	0.0000e+00
8.2500e+02	0.0000e+00
8.3500e+02	0.0000e+00
8.4500e+02	0.0000e+00
8.5500e+02	0.0000e+00
8.6500e+02	0.0000e+00
8.7500e+02	0.0000e+00
8.8500e+02	0.0000e+00
8.9500e+02	0.0000e+00
9.0500e+02	0.0000e+00
9.1500e+02	0.0000e+00
9.2500e+02	0.0000e+00
9.3500e+02	0.0000e+00
9.4500e+02	0.0000e+00
9.5500e+02	0.0000e+00
9.6500e+02	0.0000e+00
9.7500e+02	0.0000e+00
9.8500e+02	0.0000e+00
9.9500e+02	0.0000e+00
1.0050e+03	0.0000e+00
1.0150e+03	0.0000e+00
1.0250e+03	0.0000e+00
1.0350e+03	0.0000e+00
1.0450e+03	0.0000e+00
1.0550e+03	0.0000e+00
1.0650e+03	0.0000e+00
1.0750e+03	0.0000e+00
1.0850e+03	0.0000e+00
1.0950e+03	0.0000e+00
1.1050e+03	0.0000e+00
1.1150e+03	0.0000e+00
1.1250e+03	0.0000e+00
1.1350e+03	0.0000e+00
1.1450e+03	0.0000e+00
1.1550e+03	0.0000e+00
1.1650e+03	0.0000e+00
1.1750e+03	0.0000e+00
1.1850e+03	0.0000e+00
1.1950e+03	0.0000e+00
1.2050e+03	0.0000e+00
1.2150e+03	0.0000e+00
1.2250e+03	0.0000e+00
1.2350e+03	0.0000e+00
1.2450e+03	0.0000e+00
1.2550e+03	0.0000e+00
1.2650e+03	0.0000e+00
1.2750e+03	0.0000e+00
1.2850e+03	0.0000e+00
1.2950e+03	0.0000e+00
1.3050e+03	0.0000e+00
1.3150e+03	0.0000e+00
1.3250e+03	0.0000e+00
1.3350e+03	0.0000e+00
1.3450e+03	0.0000e+00
1.3550e+03	0.0000e+00
1.3650e+03	0.0000e+00
1.3750e+03	0.0000e+00
1.3850e+03	0.0000e+00
1.3950e+03	0.0000e+00
1.4050e+03	0.0000e+00
1.4150e+03	0.0000e+00
1.4250e+03	0.0000e+00
1.4350e+03	0.0000e+00
1.4450e+03	0.0000e+00
1.4550e+03	0.0000e+00
1.4650e+03	0.0000e+00
1.4750e+03	0.0000e+00
1.4850e+03	0.0000e+00
1.4950e+03	0.0000e+00
1.5050e+03	0.0000e+00
1.5150e+03	0.0000e+00
1.5250e+03	0.0000e+00
1.5350e+03	0.0000e+00
1.5450e+03	0.0000e+00
1.5550e+03	0.0000e+00
1.5650e+03	0.0000e+00
1.5750e+03	0.0000e+00
1.5850e+03	0.0000e+00
1.5950e+03	0.0000e+00
1.6050e+03	0.0000e+00
1.6150e+03	0.0000e+00
1.6250e+03	0.0000e+00
1.6350e+03	0.0000e+00
1.6450e+03	0.0000e+00
1.6550e+03	0.0000e+00
1.6650e+03	0.0000e+00
1.6750e+03	0.0000e+00
1.6850e+03	0.0000e+00
1.6950e+03	0.0000e+00
1.7050e+03	0.0000e+00
1.7150e+03	0.0000e+00
1.7250e+03	0.0000e+00
1.7350e+03	0.0000e+00
1.7450e+03	0.0000e+00
1.7550e+03	0.0000e+00
1.7650e+03	0.0000e+00
1.7750e+03	0.0000e+00
1.7850e+03	0.0000e+00
1.7950e+03	0.0000e+00
1.8050e+03	0.0000e+00
1.8150e+03	0.0000e+00
1.8250e+03	0.0000e+00
1.8350e+03	0.0000e+00
1.8450e+03	0.0000e+00
1.8550e+03	0.0000e+00
1.8650e+03	0.0000e+00
1.8750e+03	0.0000e+00
1.8850e+03	0.0000e+00
1.8950e+03	0.0000e+00
1.9050e+03	0.0000e+00
1.9150e+03	0.0000e+00
1.9250e+03	0.0000e+00
1.9350e+03	0.0000e+00
1.9450e+03	0.0000e+00
1.9550e+03	0.0000e+00
1.9650e+03	0.0000e+00
1.9750e+03	0.0000e+00
1.9850e+03	0.0000e+00
1.9950e+03	0.0000e+00
2.0050e+03	0.0000e+00
2.0150e+03	0.0000e+00
2.0250e+03	3.0796e-06
2.0350e+03	0.0000e+00
2.0450e+03	0.0000e+00
2.0550e+03	0.0000e+00
2.0650e+03	0.0000e+00
2.0750e+03	0.0000e+00
2.0850e+03	0.0000e+00
2.0950e+03	0.0000e+00
2.1050e+03	0.0000e+00
2.1150e+03	0.0000e+00
2.1250e+03	0.0000e+00
2.1350e+03	0.0000e+00
2.1450e+03	0.0000e+00
2.1550e+03	0.0000e+00
2.1650e+03	0.0000e+00
2.1750e+03	0.0000e+00
2.1850e+03	0.0000e+00
2.1950e+03	0.0000e+00
2.2050e+03	0.0000e+00
2.2150e+03	0.0000e+00
2.2250e+03	0.0000e+00
2.2350e+03	0.0000e+00
2.2450e+03	0.0000e+00
2.2550e+03	0.0000e+00
2.2650e+03	0.0000e+00
2.2750e+03	1.5685e-06
2.2850e+03	2.2844e-05
2.2950e+03	1.9866e-05
2.3050e+03	0.0000e+00
2.3150e+03	0.0000e+00
2.3250e+03	2.2970e-05
2.3350e+03	0.0000e+00
2.3450e+03	0.0000e+00
2.3550e+03	0.0000e+00
2.3650e+03	0.0000e+00
2.3750e+03	3.8109e-05
2.3850e+03	0.0000e+00
2.3950e+03	1.0548e-05
2.4050e+03	0.0000e+00
2.4150e+03	6.8346e-06
2.4250e+03	0.0000e+00
2.4350e+03	0.0000e+00
2.4450e+03	4.0254e-05
2.4550e+03	0.0000e+00
2.4650e+03	4.6353e-06
2.4750e+03	9.4540e-06
2.4850e+03	2.6539e-05
2.4950e+03	7.6664e-07
2.5050e+03	1.3876e-06
2.5150e+03	1.1362e-05
2.5250e+03	6.4235e-06
2.5350e+03	2.6219e-03
2.5450e+03	5.9313e-06
2.5550e+03	0.0000e+00
2.5650e+03	0.0000e+00
2.5750e+03	7.1144e-06
2.5850e+03	1.1426e-05
2.5950e+03	5.7552e-05
2.6050e+03	7.7452e-05
2.6150e+03	2.4629e-03
2.6250e+03	1.1461e-05
2.6350e+03	9.6762e-06
2.6450e+03	1.3042e-02
2.6550e+03	1.8231e-04
2.6650e+03	5.2034e-05
2.6750e+03	0.0000e+00
2.6850e+03	1.3225e-05
2.6950e+03	1.2230e-02
2.7050e+03	1.5772e-01
2.7150e+03	0.0000e+00
2.7250e+03	4.6630e-04
2.7350e+03	2.9358e-02
2.7450e+03	9.3988e-05
2.7550e+03	9.1395e-02
2.7650e+03	1.8999e-03
2.7750e+03	2.7721e-03
2.7850e+03	7.6728e-05
2.7950e+03	6.2914e-01
2.8050e+03	3.5300e-02
2.8150e+03	4.4664e-04
2.8250e+03	4.5811e-05
2.8350e+03	2.7192e-04
2.8450e+03	4.8596e-01
2.8550e+03	1.8728e-01
2.8650e+03	2.3660e-01
2.8750e+03	6.5819e-02
2.8850e+03	9.5858e-03
2.8950e+03	3.0257e-05
2.9050e+03	5.1962e-02
2.9150e+03	1.9514e-02
2.9250e+03	1.2050e-04
2.9350e+03	6.9576e-03
2.9450e+03	3.3568e-03
2.9550e+03	1.3317e-02
2.9650e+03	2.0405e-03
2.9750e+03	5.9515e-02
2.9850e+03	2.8785e-02
2.9950e+03	1.0834e-03
3.0050e+03	4.2948e-04
3.0150e+03	1.9742e-01
3.0250e+03	1.3576e-01
3.0350e+03	5.4405e-03
3.0450e+03	8.5111e-04
3.0550e+03	4.2690e-04
3.0650e+03	1.5936e-01
3.0750e+03	3.1178e-02
3.0850e+03	3.8971e-01
3.0950e+03	2.6323e-02
3.1050e+03	2.7504e-04
3.1150e+03	3.0089e-02
3.1250e+03	6.2570e-02
3.1350e+03	1.4825e-03
3.1450e+03	2.7026e-01
3.1550e+03	1.3428e-01
3.1650e+03	3.1537e-01
3.1750e+03	4.0492e-01
3.1850e+03	3.5236e-01
3.1950e+03	6.8712e-01
3.2050e+03	3.7205e-02
3.2150e+03	6.4702e-01
3.2250e+03	6.6878e-02
3.2350e+03	1.7578e-01
3.2450e+03	1.1400e-01
3.2550e+03	4.4169e-02
3.2650e+03	6.1518e-01
3.2750e+03	7.6221e-03
3.2850e+03	2.0250e-02
3.2950e+03	6.5406e-01
3.3050e+03	6.3039e-01
3.3150e+03	1.5576e-01
3.3250e+03	6.1345e-01
3.3350e+03	4.1520e-01
3.3450e+03	4.0046e-01
3.3550e+03	7.4312e-02
3.3650e+03	2.2706e-01
3.3750e+03	9.5132e-01
3.3850e+03	9.7112e-01
3.3950e+03	2.9466e-01
3.4050e+03	1.6710e+00
3.4150e+03	2.0718e+00
3.4250e+03	7.6320e-01
3.4350e+03	1.7459e+00
3.4450e+03	1.6844e+00
3.4550e+03	2.3250e+00
3.4650e+03	2.4551e+00
3.4750e+03	3.2837e+00
3.4850e+03	2.5586e+00
3.4950e+03	2.5912e+00
3.5050e+03	3.2795e+00
3.5150e+03	3.4681e+00
3.5250e+03	2.7282e+00
3.5350e+03	5.4173e+00
3.5450e+03	5.6508e+00
3.5550e+03	4.7793e+00
3.5650e+03	4.6704e+00
3.5750e+03	4.9146e+00
3.5850e+03	5.5400e+00
3.5950e+03	8.3229e+00
3.6050e+03	6.8739e+00
3.6150e+03	6.2148e+00
3.6250e+03	1.0720e+01
3.6350e+03	9.8275e+00
3.6450e+03	1.4643e+01
3.6550e+03	1.0059e+01
3.6650e+03	1.5381e+01
3.6750e+03	1.5424e+01
3.6850e+03	1.7459e+01
3.6950e+03	2.0645e+01
3.7050e+03	1.6763e+01
3.7150e+03	2.0232e+01
3.7250e+03	2.3374e+01
3.7350e+03	2.0178e+01
3.7450e+03	3.2696e+01
3.7550e+03	2.6232e+01
3.7650e+03	3.4574e+01
3.7750e+03	4.1487e+01
3.7850e+03	4.0113e+01
3.7950e+03	4.4515e+01
3.8050e+03	5.0718e+01
3.8150e+03	5.1400e+01
3.8250e+03	5.4676e+01
3.8350e+03	5.9186e+01
3.8450e+03	6.3915e+01
3.8550e+03	6.8068e+01
3.8650e+03	7.0471e+01
3.8750e+03	7.5580e+01
3.8850e+03	8.0971e+01
3.8950e+03	7.2696e+01
3.9050e+03	8.4181e+01
3.9150e+03	8.7724e+01
3.9250e+03	8.3197e+01
3.9350e+03	9.0380e+01
3.9450e+03	8.8037e+01
3.9550e+03	8.6018e+01
3.9650e+03	1.0000e+02
3.9750e+03	8.7906e+01
3.9850e+03	8.9611e+01
3.9950e+03	8.8981e+01
4.0050e+03	9.3135e+01
4.0150e+03	8.3380e+01
4.0250e+03	8.7204e+01
4.0350e+03	8.3899e+01
4.0450e+03	9.2278e+01
4.0550e+03	8.5397e+01
4.0650e+03	9.2669e+01
4.0750e+03	8.3480e+01
4.0850e+03	8.9817e+01
4.0950e+03	9.3640e+01
4.1050e+03	9.2299e+01
4.1150e+03	8.8480e+01
4.1250e+03	8.9546e+01
4.1350e+03	9.1597e+01
4.1450e+03	9.2808e+01
4.1550e+03	9.5060e+01
4.1650e+03	9.0111e+01
4.1750e+03	9.2494e+01
4.1850e+03	8.9936e+01
4.1950e+03	7.5269e+01
4.2050e+03	7.8906e+01
4.2150e+03	8.0458e+01
4.2250e+03	7.2198e+01
4.2350e+03	7.7056e+01
4.2450e+03	8.1200e+01
4.2550e+03	7.7079e+01
4.2650e+03	7.5625e+01
4.2750e+03	7.3204e+01
4.2850e+03	6.9333e+01
4.2950e+03	7.7303e+01
4.3050e+03	7.3544e+01
4.3150e+03	6.8851e+01
4.3250e+03	6.8958e+01
4.3350e+03	6.6718e+01
4.3450e+03	6.7272e+01
4.3550e+03	6.9234e+01
4.3650e+03	7.2050e+01
4.3750e+03	6.8481e+01
4.3850e+03	7.1119e+01
4.3950e+03	6.9511e+01
4.4050e+03	7.5317e+01
4.4150e+03	7.4825e+01
4.4250e+03	8.3021e+01
4.4350e+03	8.6893e+01
4.4450e+03	8.8754e+01
4.4550e+03	9.2809e+01
4.4650e+03	1.0063e+02
4.4750e+03	1.0977e+02
4.4850e+03	1.2190e+02
4.4950e+03	1.1448e+02
4.5050e+03	1.1760e+02
4.5150e+03	1.2065e+02
4.5250e+03	1.2235e+02
4.5350e+03	1.2517e+02
4.5450e+03	1.1817e+02
4.5550e+03	1.2862e+02
4.5650e+03	1.2869e+02
4.5750e+03	1.2517e+02
4.5850e+03	1.1417e+02
4.5950e+03	1.0534e+02
4.6050e+03	1.0194e+02
4.6150e+03	9.8751e+01
4.6250e+03	9.8055e+01
4.6350e+03	1.0269e+02
4.6450e+03	8.9063e+01
4.6550e+03	9.3340e+01
4.6650e+03	7.9772e+01
4.6750e+03	7.0998e+01
4.6850e+03	7.8487e+01
4.6950e+03	6.8182e+01
4.7050e+03	7.0563e+01
4.7150e+03	6.0944e+01
4.7250e+03	7.1117e+01
4.7350e+03	7.1889e+01
4.7450e+03	6.2957e+01
4.7550e+03	6.6310e+01
4.7650e+03	7.5292e+01
4.7750e+03	6.4082e+01
4.7850e+03	6.7313e+01
4.7950e+03	6.0287e+01
4.8050e+03	6.3895e+01
4.8150e+03	6.3096e+01
4.8250e+03	6.9882e+01
4.8350e+03	5.7802e+01
4.8450e+03	6.8073e+01
4.8550e+03	6.7153e+01
4.8650e+03	7.0601e+01
4.8750e+03	7.5318e+01
4.8850e+03	6.6717e+01
4.8950e+03	7.2675e+01
4.9050e+03	7.5966e+01
4.9150e+03	7.2266e+01
4.9250e+03	8.0112e+01
4.9350e+03	7.3631e+01
4.9450e+03	7.6918e+01
4.9550e+03	8.1511e+01
4.9650e+03	8.7376e+01
4.9750e+03	8.4375e+01
4.9850e+03	8.4304e+01
4.9950e+03	8.4204e+01
5.0050e+03	8.2583e+01
5.0150e+03	8.7969e+01
5.0250e+03	9.3979e+01
5.0350e+03	9.5731e+01
5.0450e+03	9.6467e+01
5.0550e+03	9.5702e+01
5.0650e+03	1.0815e+02
5.0750e+03	1.0741e+02
5.0850e+03	1.0316e+02
5.0950e+03	1.1903e+02
5.1050e+03	1.1830e+02
5.1150e+03	1.1813e+02
5.1250e+03	1.2200e+02
5.1350e+03	1.2804e+02
5.1450e+03	1.2302e+02
5.1550e+03	1.2989e+02
5.1650e+03	1.4912e+02
5.1750e+03	1.4210e+02
5.1850e+03	1.3933e+02
5.1950e+03	1.5117e+02
5.2050e+03	1.5487e+02
5.2150e+03	1.5044e+02
5.2250e+03	1.4718e+02
5.2350e+03	1.4741e+02
5.2450e+03	1.4702e+02
5.2550e+03	1.4809e+02
5.2650e+03	1.3617e+02
5.2750e+03	1.4830e+02
5.2850e+03	1.5087e+02
5.2950e+03	1.2850e+02
5.3050e+03	1.4467e+02
5.3150e+03	1.3693e+02
5.3250e+03	1.4013e+02
5.3350e+03	1.2865e+02
5.3450e+03	1.3353e+02
5.3550e+03	1.2911e+02
5.3650e+03	1.2918e+02
5.3750e+03	1.3521e+02
5.3850e+03	1.2431e+02
5.3950e+03	1.3160e+02
5.4050e+03	1.1584e+02
5.4150e+03	1.2586e+02
5.4250e+03	1.1567e+02
5.4350e+03	1.1984e+02
5.4450e+03	1.1034e+02
5.4550e+03	1.1844e+02
5.4650e+03	9.8003e+01
5.4750e+03	1.0395e+02
5.4850e+03	1.0274e+02
5.4950e+03	9.7940e+01
5.5050e+03	1.0118e+02
5.5150e+03	1.0428e+02
5.5250e+03	8.7327e+01
5.5350e+03	9.1302e+01
5.5450e+03	9.7508e+01
5.5550e+03	8.7704e+01
5.5650e+03	8.6193e+01
5.5750e+03	8.0482e+01
5.5850e+03	8.6142e+01
5.5950e+03	8.0868e+01
5.6050e+03	8.7315e+01
5.6150e+03	7.8374e+01
5.6250e+03	7.4086e+01
5.6350e+03	7.2954e+01
5.6450e+03	6.7607e+01
5.6550e+03	6.2531e+01
5.6650e+03	6.9205e+01
5.6750e+03	5.8277e+01
5.6850e+03	6.4331e+01
5.6950e+03	5.7679e+01
5.7050e+03	6.2248e+01
5.7150e+03	5.8814e+01
5.7250e+03	5.2943e+01
5.7350e+03	5.7943e+01
5.7450e+03	5.8100e+01
5.7550e+03	5.7439e+01
5.7650e+03	5.1106e+01
5.7750e+03	5.5519e+01
5.7850e+03	5.5523e+01
5.7950e+03	5.4806e+01
5.8050e+03	5.5570e+01
5.8150e+03	5.3021e+01
5.8250e+03	5.4791e+01
5.8350e+03	5.4586e+01
5.8450e+03	5.0750e+01
5.8550e+03	5.2285e+01
5.8650e+03	5.2774e+01
5.8750e+03	4.9423e+01
5.8850e+03	5.9348e+01
5.8950e+03	5.5649e+01
5.9050e+03	5.6163e+01
5.9150e+03	5.1614e+01
5.9250e+03	6.0344e+01
5.9350e+03	5.1357e+01
5.9450e+03	5.8843e+01
5.9550e+03	6.0363e+01
5.9650e+03	5.6118e+01
5.9750e+03	5.4312e+01
5.9850e+03	4.8785e+01
5.9950e+03	5.8683e+01
6.0050e+03	5.6731e+01
6.0150e+03	5.6529e+01
6.0250e+03	6.1357e+01
6.0350e+03	5.8634e+01
6.0450e+03	5.0749e+01
6.0550e+03	5.6477e+01
6.0650e+03	5.0904e+01
6.0750e+03	4.8893e+01
6.0850e+03	4.8902e+01
6.0950e+03	5.2496e+01
6.1050e+03	5.4980e+01
6.1150e+03	4.6527e+01
6.1250e+03	6.2332e+01
6.1350e+03	4.2744e+01
6.1450e+03	5.6057e+01
6.1550e+03	5.2660e+01
6.1650e+03	4.9307e+01
6.1750e+03	6.2936e+01
6.1850e+03	5.8212e+01
6.1950e+03	6.0849e+01
6.2050e+03	6.3192e+01
6.2150e+03	6.7321e+01
6.2250e+03	6.2777e+01
6.2350e+03	7.0590e+01
6.2450e+03	6.8847e+01
6.2550e+03	7.3116e+01
6.2650e+03	7.4996e+01
6.2750e+03	7.5110e+01
6.2850e+03	6.6125e+01
6.2950e+03	7.7638e+01
6.3050e+03	7.8510e+01
6.3150e+03	7.9595e+01
6.3250e+03	7.6998e+01
6.3350e+03	6.9581e+01
6.3450e+03	7.6791e+01
6.3550e+03	7.2682e+01
6.3650e+03	7.1337e+01
6.3750e+03	7.5376e+01
6.3850e+03	7.2768e+01
6.3950e+03	7.2017e+01
6.4050e+03	6.4028e+01
6.4150e+03	6.6853e+01
6.4250e+03	6.6049e+01
6.4350e+03	7.0491e+01
6.4450e+03	6.8724e+01
6.4550e+03	7.2714e+01
6.4650e+03	6.3054e+01
6.4750e+03	6.3083e+01
6.4850e+03	6.7207e+01
6.4950e+03	6.0535e+01
6.5050e+03	6.8522e+01
6.5150e+03	5.3204e+01
6.5250e+03	6.3387e+01
6.5350e+03	6.1544e+01
6.5450e+03	4.8363e+01
6.5550e+03	6.5906e+01
6.5650e+03	5.6147e+01
6.5750e+03	5.4087e+01
6.5850e+03	4.4327e+01
6.5950e+03	5.7618e+01
6.6050e+03	5.5029e+01
6.6150e+03	4.6473e+01
6.6250e+03	4.4602e+01
6.6350e+03	4.2183e+01
6.6450e+03	4.0852e+01
6.6550e+03	4.3367e+01
6.6650e+03	3.6577e+01
6.6750e+03	3.8471e+01
6.6850e+03	3.4682e+01
6.6950e+03	3.0528e+01
6.7050e+03	3.2384e+01
6.7150e+03	3.6051e+01
6.7250e+03	3.3972e+01
6.7350e+03	3.1891e+01
6.7450e+03	2.7038e+01
6.7550e+03	2.6990e+01
6.7650e+03	2.9418e+01
6.7750e+03	3.1097e+01
6.7850e+03	3.1776e+01
6.7950e+03	2.8467e+01
6.8050e+03	2.9933e+01
6.8150e+03	2.6764e+01
6.8250e+03	2.4874e+01
6.8350e+03	2.9753e+01
6.8450e+03	2.3724e+01
6.8550e+03	2.6194e+01
6.8650e+03	2.2224e+01
6.8750e+03	2.1629e+01
6.8850e+03	2.2277e+01
6.8950e+03	2.0104e+01
6.9050e+03	2.2073e+01
6.9150e+03	2.2050e+01
6.9250e+03	2.1067e+01
6.9350e+03	2.1556e+01
6.9450e+03	2.1593e+01
6.9550e+03	2.0542e+01
6.9650e+03	2.1207e+01
6.9750e+03	2.1818e+01
6.9850e+03	2.1648e+01
6.9950e+03	2.0567e+01
7.0050e+03	2.1596e+01
7.0150e+03	1.7087e+01
7.0250e+03	1.8146e+01
7.0350e+03	1.9078e+01
7.0450e+03	1.9952e+01
7.0550e+03	1.5691e+01
7.0650e+03	2.0853e+01
7.0750e+03	1.9208e+01
7.0850e+03	2.0564e+01
7.0950e+03	2.1153e+01
7.1050e+03	1.8931e+01
7.1150e+03	1.9896e+01
7.1250e+03	2.2293e+01
7.1350e+03	1.8402e+01
7.1450e+03	2.4234e+01
7.1550e+03	2.2272e+01
7.1650e+03	2.2002e+01
7.1750e+03	2.3929e+01
7.1850e+03	2.1886e+01
7.1950e+03	2.4788e+01
7.2050e+03	2.1953e+01
7.2150e+03	2.3698e+01
7.2250e+03	2.1652e+01
7.2350e+03	1.8905e+01
7.2450e+03	2.1094e+01
7.2550e+03	2.4646e+01
7.2650e+03	2.4208e+01
7.2750e+03	2.8303e+01
7.2850e+03	2.2327e+01
7.2950e+03	2.2206e+01
7.3050e+03	2.3018e+01
7.3150e+03	2.1746e+01
7.3250e+03	1.5293e+01
7.3350e+03	2.2890e+01
7.3450e+03	2.2593e+01
7.3550e+03	2.5480e+01
7.3650e+03	1.6894e+01
7.3750e+03	1.9015e+01
7.3850e+03	2.1160e+01
7.3950e+03	1.7564e+01
7.4050e+03	2.2165e+01
7.4150e+03	2.1500e+01
7.4250e+03	2.2533e+01
7.4350e+03	2.2267e+01
7.4450e+03	2.3041e+01
7.4550e+03	2.8255e+01
7.4650e+03	2.0221e+01
7.4750e+03	2.1526e+01
7.4850e+03	2.5715e+01
7.4950e+03	1.9051e+01
7.5050e+03	2.0344e+01
7.5150e+03	1.9426e+01
7.5250e+03	2.1289e+01
7.5350e+03	1.9659e+01
7.5450e+03	2.2491e+01
7.5550e+03	1.7957e+01
7.5650e+03	1.9843e+01
7.5750e+03	2.1948e+01
7.5850e+03	2.0949e+01
7.5950e+03	2.3759e+01
7.6050e+03	2.8639e+01
7.6150e+03	2.3819e+01
7.6250e+03	2.6445e+01
7.6350e+03	2.4760e+01
7.6450e+03	2.4836e+01
7.6550e+03	2.4075e+01
7.6650e+03	2.9660e+01
7.6750e+03	3.1498e+01
7.6850e+03	2.5240e+01
7.6950e+03	2.2407e+01
7.7050e+03	2.5402e+01
7.7150e+03	2.6442e+01
7.7250e+03	2.6348e+01
7.7350e+03	3.0963e+01
7.7450e+03	2.8527e+01
7.7550e+03	3.1275e+01
7.7650e+03	2.8671e+01
7.7750e+03	2.9375e+01
7.7850e+03	3.7506e+01
7.7950e+03	2.8411e+01
7.8050e+03	2.7452e+01
7.8150e+03	2.8990e+01
7.8250e+03	2.8002e+01
7.8350e+03	2.7620e+01
7.8450e+03	3.3634e+01
7.8550e+03	2.9483e+01
7.8650e+03	3.3988e+01
7.8750e+03	3.1771e+01
7.8850e+03	2.8401e+01
7.8950e+03	4.1180e+01
7.9050e+03	3.8842e+01
7.9150e+03	3.3299e+01
7.9250e+03	3.4595e+01
7.9350e+03	3.9021e+01
7.9450e+03	3.4674e+01
7.9550e+03	4.0499e+01
7.9650e+03	4.2745e+01
7.9750e+03	4.0416e+01
7.9850e+03	4.2879e+01
7.9950e+03	4.8081e+01
8.0050e+03	4.3032e+01
8.0150e+03	4.7386e+01
8.0250e+03	4.8350e+01
8.0350e+03	4.8430e+01
8.0450e+03	5.1612e+01
8.0550e+03	5.6652e+01
8.0650e+03	5.6180e+01
8.0750e+03	5.8566e+01
8.0850e+03	6.3128e+01
8.0950e+03	5.6736e+01
8.1050e+03	6.3669e+01
8.1150e+03	6.7346e+01
8.1250e+03	6.6068e+01
8.1350e+03	6.0842e+01
8.1450e+03	6.8258e+01
8.1550e+03	5.9415e+01
8.1650e+03	7.0361e+01
8.1750e+03	7.1590e+01
8.1850e+03	7.6100e+01
8.1950e+03	6.6054e+01
8.2050e+03	6.5808e+01
8.2150e+03	7.0862e+01
8.2250e+03	6.7879e+01
8.2350e+03	7.3582e+01
8.2450e+03	8.0653e+01
8.2550e+03	6.8941e+01
8.2650e+03	6.9616e+01
8.2750e+03	6.7551e+01
8.2850e+03	7.6972e+01
8.2950e+03	7.0738e+01
8.3050e+03	7.9617e+01
8.3150e+03	6.7912e+01
8.3250e+03	7.7215e+01
8.3350e+03	6.4321e+01
8.3450e+03	7.6063e+01
8.3550e+03	7.0798e+01
8.3650e+03	7.4932e+01
8.3750e+03	7.6289e+01
8.3850e+03	7.8265e+01
8.3950e+03	7.3103e+01
8.4050e+03	7.6918e+01
8.4150e+03	7.1095e+01
8.4250e+03	7.3803e+01
8.4350e+03	8.0800e+01
8.4450e+03	7.3303e+01
8.4550e+03	7.3058e+01
8.4650e+03	7.4377e+01
8.4750e+03	7.0088e+01
8.4850e+03	8.0963e+01
8.4950e+03	8.5698e+01
8.5050e+03	7.1167e+01
8.5150e+03	7.4324e+01
8.5250e+03	8.3028e+01
8.5350e+03	7.5010e+01
8.5450e+03	9.4109e+01
8.5550e+03	8.1412e+01
8.5650e+03	8.0330e+01
8.5750e+03	8.6597e+01
8.5850e+03	7.6972e+01
8.5950e+03	8.5028e+01
8.6050e+03	8.7488e+01
8.6150e+03	8.0639e+01
8.6250e+03	7.7938e+01
8.6350e+03	8.0719e+01
8.6450e+03	8.3736e+01
8.6550e+03	7.1668e+01
8.6650e+03	8.0819e+01
8.6750e+03	7.8355e+01
8.6850e+03	7.3928e+01
8.6950e+03	7.4617e+01
8.7050e+03	7.4693e+01
8.7150e+03	7.1760e+01
8.7250e+03	8.0918e+01
8.7350e+03	8.3427e+01
8.7450e+03	7.2355e+01
8.7550e+03	7.1255e+01
8.7650e+03	7.1138e+01
8.7750e+03	7.3476e+01
8.7850e+03	7.5508e+01
8.7950e+03	6.8710e+01
8.8050e+03	6.3422e+01
8.8150e+03	7.2513e+01
8.8250e+03	7.3803e+01
8.8350e+03	7.3669e+01
8.8450e+03	6.6047e+01
8.8550e+03	6.4233e+01
8.8650e+03	6.6708e+01
8.8750e+03	6.5075e+01
8.8850e+03	6.5584e+01
8.8950e+03	7.6581e+01
8.9050e+03	6.3339e+01
8.9150e+03	5.8410e+01
8.9250e+03	6.4299e+01
8.9350e+03	6.5472e+01
8.9450e+03	6.0500e+01
8.9550e+03	5.8626e+01
8.9650e+03	6.3129e+01
8.9750e+03	6.4747e+01
8.9850e+03	6.3966e+01
8.9950e+03	5.9079e+01
9.0050e+03	5.6343e+01
9.0150e+03	6.1540e+01
9.0250e+03	5.7784e+01
9.0350e+03	5.9513e+01
9.0450e+03	5.7597e+01
9.0550e+03	6.0840e+01
9.0650e+03	5.9899e+01
9.0750e+03	5.6330e+01
9.0850e+03	5.0658e+01
9.0950e+03	5.5415e+01
9.1050e+03	5.5163e+01
9.1150e+03	5.6846e+01
9.1250e+03	5.8389e+01
9.1350e+03	5.5726e+01
9.1450e+03	5.0617e+01
9.1550e+03	4.9106e+01
9.1650e+03	4.7720e+01
9.1750e+03	4.5638e+01
9.1850e+03	5.1283e+01
9.1950e+03	4.2994e+01
9.2050e+03	4.6812e+01
9.2150e+03	4.7620e+01
9.2250e+03	4.9424e+01
9.2350e+03	5.4125e+01
9.2450e+03	4.1252e+01
9.2550e+03	4.3731e+01
9.2650e+03	5.4664e+01
9.2750e+03	4.4344e+01
9.2850e+03	4.0831e+01
9.2950e+03	4.1863e+01
9.3050e+03	4.4218e+01
9.3150e+03	4.4130e+01
9.3250e+03	3.9394e+01
9.3350e+03	3.8006e+01
9.3450e+03	3.9933e+01
9.3550e+03	3.7911e+01
9.3650e+03	3.3021e+01
9.3750e+03	4.0541e+01
9.3850e+03	3.3662e+01
9.3950e+03	3.2571e+01
9.4050e+03	4.0291e+01
9.4150e+03	3.6025e+01
9.4250e+03	3.2564e+01
9.4350e+03	2.7557e+01
9.4450e+03	3.1559e+01
9.4550e+03	2.5284e+01
9.4650e+03	3.3536e+01
9.4750e+03	3.0485e+01
9.4850e+03	2.8544e+01
9.4950e+03	3.3876e+01
9.5050e+03	2.8814e+01
9.5150e+03	2.6728e+01
9.5250e+03	2.6102e+01
9.5350e+03	2.8173e+01
9.5450e+03	2.6913e+01
9.5550e+03	2.0309e+01
9.5650e+03	2.3534e+01
9.5750e+03	2.1028e+01
9.5850e+03	2.2951e+01
9.5950e+03	2.2004e+01
9.6050e+03	2.0279e+01
9.6150e+03	2.1778e+01
9.6250e+03	2.2702e+01
9.6350e+03	2.3101e+01
9.6450e+03	1.8556e+01
9.6550e+03	1.8826e+01
9.6650e+03	1.9192e+01
9.6750e+03	2.0255e+01
9.6850e+03	2.1281e+01
9.6950e+03	2.3013e+01
9.7050e+03	1.4497e+01
9.7150e+03	2.1781e+01
9.7250e+03	2.0595e+01
9.7350e+03	1.7340e+01
9.7450e+03	1.4400e+01
9.7550e+03	1.7598e+01
9.7650e+03	1.5082e+01
9.7750e+03	1.8245e+01
9.7850e+03	2.0016e+01
9.7950e+03	1.6103e+01
9.8050e+03	1.5438e+01
9.8150e+03	1.4370e+01
9.8250e+03	1.4376e+01
9.8350e+03	1.4890e+01
9.8450e+03	1.3322e+01
9.8550e+03	1.4758e+01
9.8650e+03	1.2648e+01
9.8750e+03	1.2258e+01
9.8850e+03	1.5641e+01
9.8950e+03	1.0778e+01
9.9050e+03	1.4246e+01
9.9150e+03	1.3187e+01
9.9250e+03	1.2556e+01
9.9350e+03	1.3346e+01
9.9450e+03	1.1558e+01
9.9550e+03	8.6751e+00
9.9650e+03	1.2989e+01
9.9750e+03	9.9915e+00
9.9850e+03	9.0344e+00
9.9950e+03	1.2158e+01
1.0005e+04	1.1638e+01
1.0015e+04	1.1020e+01
1.0025e+04	1.1360e+01
1.0035e+04	9.8308e+00
1.0045e+04	8.5010e+00
1.0055e+04	1.0210e+01
1.0065e+04	1.0248e+01
1.0075e+04	1.0407e+01
1.0085e+04	7.7542e+00
1.0095e+04	1.0195e+01
1.0105e+04	8.7839e+00
1.0115e+04	8.5153e+00
1.0125e+04	1.2361e+01
1.0135e+04	8.4882e+00
1.0145e+04	5.1326e+00
1.0155e+04	6.9075e+00
1.0165e+04	7.5457e+00
1.0175e+04	9.5595e+00
1.0185e+04	8.5155e+00
1.0195e+04	1.0706e+01
1.0205e+04	6.8422e+00
1.0215e+04	7.0105e+00
1.0225e+04	8.8714e+00
1.0235e+04	7.2822e+00
1.0245e+04	6.1737e+00
1.0255e+04	7.8554e+00
1.0265e+04	4.8439e+00
1.0275e+04	6.9880e+00
1.0285e+04	7.3308e+00
1.0295e+04	5.4281e+00
1.0305e+04	5.2358e+00
1.0315e+04	5.4879e+00
1.0325e+04	5.8781e+00
1.0335e+04	5.0593e+00
1.0345e+04	5.8206e+00
1.0355e+04	6.3320e+00
1.0365e+04	5.6130e+00
1.0375e+04	5.0662e+00
1.0385e+04	6.0639e+00
1.0395e+04	4.0651e+00
1.0405e+04	1.0271e+01
1.0415e+04	5.6847e+00
1.0425e+04	4.9068e+00
1.0435e+04	3.4995e+00
1.0445e+04	5.1429e+00
1.0455e+04	6.3937e+00
1.0465e+04	7.7068e+00
1.0475e+04	6.5719e+00
1.0485e+04	5.3448e+00
1.0495e+04	7.8993e+00
1.0505e+04	4.4620e+00
1.0515e+04	7.6943e+00
1.0525e+04	4.7501e+00
1.0535e+04	7.1058e+00
1.0545e+04	7.3288e+00
1.0555e+04	7.5111e+00
1.0565e+04	6.9364e+00
1.0575e+04	7.4855e+00
1.0585e+04	9.5741e+00
1.0595e+04	5.7633e+00
1.0605e+04	7.8904e+00
1.0615e+04	6.4767e+00
1.0625e+04	6.9618e+00
1.0635e+04	6.2736e+00
1.0645e+04	6.6765e+00
1.0655e+04	7.8712e+00
1.0665e+04	7.4543e+00
1.0675e+04	6.3802e+00
1.0685e+04	7.1846e+00
1.0695e+04	7.1572e+00
1.0705e+04	5.0590e+00
1.0715e+04	6.9539e+00
1.0725e+04	8.5087e+00
1.0735e+04	8.7835e+00
1.0745e+04	5.2753e+00
1.0755e+04	7.6528e+00
1.0765e+04	7.4416e+00
1.0775e+04	7.4367e+00
1.0785e+04	5.1291e+00
1.0795e+04	6.3314e+00
1.0805e+04	7.5049e+00
1.0815e+04	8.1331e+00
1.0825e+04	7.2252e+00
1.0835e+04	6.3476e+00
1.0845e+04	8.6732e+00
1.0855e+04	7.8569e+00
1.0865e+04	1.0603e+01
1.0875e+04	7.8297e+00
1.0885e+04	8.9035e+00
1.0895e+04	8.9433e+00
1.0905e+04	6.4110e+00
1.0915e+04	8.0372e+00
1.0925e+04	5.7400e+00
1.0935e+04	8.1186e+00
1.0945e+04	8.5643e+00
1.0955e+04	9.5292e+00
1.0965e+04	8.4731e+00
1.0975e+04	8.6054e+00
1.0985e+04	9.5020e+00
1.0995e+04	8.1042e+00
1.1005e+04	8.5729e+00
1.1015e+04	1.1738e+01
1.1025e+04	1.1131e+01
1.1035e+04	6.9171e+00
1.1045e+04	9.7646e+00
1.1055e+04	7.3674e+00
1.1065e+04	9.9245e+00
1.1075e+04	6.3642e+00
1.1085e+04	9.1143e+00
1.1095e+04	8.4920e+00
1.1105e+04	6.8698e+00
1.1115e+04	9.1899e+00
1.1125e+04	7.5792e+00
1.1135e+04	1.0673e+01
1.1145e+04	8.0982e+00
1.1155e+04	7.6032e+00
1.1165e+04	8.7455e+00
1.1175e+04	7.3188e+00
1.1185e+04	8.0849e+00
1.1195e+04	9.5449e+00
1.1205e+04	7.4971e+00
1.1215e+04	1.1688e+01
1.1225e+04	8.6541e+00
1.1235e+04	7.3546e+00
1.1245e+04	8.0693e+00
1.1255e+04	6.6458e+00
1.1265e+04	8.5212e+00
1.1275e+04	5.1506e+00
1.1285e+04	6.8428e+00
1.1295e+04	8.0780e+00
1.1305e+04	6.3426e+00
1.1315e+04	7.5392e+00
1.1325e+04	6.8551e+00
1.1335e+04	5.6649e+00
1.1345e+04	6.7389e+00
1.1355e+04	6.2112e+00
1.1365e+04	7.7254e+00
1.1375e+04	6.7893e+00
1.1385e+04	4.8968e+00
1.1395e+04	6.3196e+00
1.1405e+04	5.9074e+00
1.1415e+04	8.7766e+00
1.1425e+04	5.8745e+00
1.1435e+04	5.2145e+00
1.1445e+04	6.9931e+00
1.1455e+04	6.8741e+00
1.1465e+04	6.9027e+00
1.1475e+04	6.0548e+00
1.1485e+04	5.0767e+00
1.1495e+04	5.3731e+00
1.1505e+04	6.9245e+00
1.1515e+04	7.2924e+00
1.1525e+04	6.2662e+00
1.1535e+04	5.8813e+00
1.1545e+04	6.6233e+00
1.1555e+04	8.4078e+00
1.1565e+04	5.0334e+00
1.1575e+04	6.8547e+00
1.1585e+04	4.6737e+00
1.1595e+04	4.6957e+00
1.1605e+04	3.9710e+00
1.1615e+04	7.0640e+00
1.1625e+04	3.5903e+00
1.1635e+04	4.6866e+00
1.1645e+04	4.1152e+00
1.1655e+04	3.6896e+00
1.1665e+04	4.3346e+00
1.1675e+04	1.6851e+00
1.1685e+04	2.7349e+00
1.1695e+04	4.3717e+00
1.1705e+04	4.4952e+00
1.1715e+04	2.6434e+00
1.1725e+04	3.4075e+00
1.1735e+04	4.1992e+00
1.1745e+04	1.8421e+00
1.1755e+04	5.9282e+00
1.1765e+04	3.7875e+00
1.1775e+04	2.8066e+00
1.1785e+04	4.3965e+00
1.1795e+04	2.4640e+00
1.1805e+04	4.1893e+00
1.1815e+04	1.9664e+00
1.1825e+04	2.8086e+00
1.1835e+04	3.8863e+00
1.1845e+04	2.6739e+00
1.1855e+04	3.2408e+00
1.1865e+04	3.5164e+00
1.1875e+04	2.3586e+00
1.1885e+04	2.7470e+00
1.1895e+04	4.4922e+00
1.1905e+04	3.1958e+00
1.1915e+04	3.5261e+00
1.1925e+04	3.0911e+00
1.1935e+04	4.5424e+00
1.1945e+04	2.1675e+00
1.1955e+04	2.9446e+00
1.1965e+04	1.9855e+00
1.1975e+04	3.4351e+00
1.1985e+04	3.1590e+00
1.1995e+04	2.1970e+00
1.2005e+04	2.2424e+00
1.2015e+04	2.3404e+00
1.2025e+04	2.7456e+00
1.2035e+04	2.3461e+00
1.2045e+04	1.9869e+00
1.2055e+04	3.6563e+00
1.2065e+04	2.1769e+00
1.2075e+04	3.0085e+00
1.2085e+04	4.3762e+00
1.2095e+04	2.4625e+00
1.2105e+04	2.5159e+00
1.2115e+04	1.6500e+00
1.2125e+04	2.2950e+00
1.2135e+04	1.8518e+00
1.2145e+04	2.0085e+00
1.2155e+04	2.5043e+00
1.2165e+04	1.3350e+00
1.2175e+04	3.7139e+00
1.2185e+04	1.6606e+00
1.2195e+04	3.7759e+00
1.2205e+04	2.0656e+00
1.2215e+04	2.4894e+00
1.2225e+04	1.2348e+00
1.2235e+04	2.4789e+00
1.2245e+04	1.0373e+00
1.2255e+04	3.4095e+00
1.2265e+04	2.7227e+00
1.2275e+04	1.5196e+00
1.2285e+04	1.5937e+00
1.2295e+04	3.0463e+00
1.2305e+04	2.3312e+00
1.2315e+04	9.5967e-01
1.2325e+04	1.6991e+00
1.2335e+04	1.2723e+00
1.2345e+04	2.7328e+00
1.2355e+04	1.3870e+00
1.2365e+04	5.3859e-01
1.2375e+04	2.8966e+00
1.2385e+04	1.2344e+00
1.2395e+04	1.5277e+00
1.2405e+04	9.0259e-01
1.2415e+04	1.2195e+00
1.2425e+04	1.0405e+00
1.2435e+04	1.4557e+00
1.2445e+04	1.9687e+00
1.2455e+04	1.7932e+00
1.2465e+04	9.1256e-01
1.2475e+04	2.4398e+00
1.2485e+04	1.9237e+00
1.2495e+04	2.7346e+00
1.2505e+04	6.4873e-01
1.2515e+04	3.3398e+00
1.2525e+04	3.0975e+00
1.2535e+04	1.4382e+00
1.2545e+04	1.9713e+00
1.2555e+04	1.3371e+00
1.2565e+04	2.5698e+00
1.2575e+04	1.2622e+00
1.2585e+04	1.1549e+00
1.2595e+04	1.4287e+00
1.2605e+04	3.5550e-01
1.2615e+04	1.7206e+00
1.2625e+04	1.1379e+00
1.2635e+04	1.7317e+00
1.2645e+04	1.5209e+00
1.2655e+04	1.4871e+00
1.2665e+04	9.3348e-01
1.2675e+04	5.3224e-01
1.2685e+04	4.7848e-01
1.2695e+04	2.2985e+00
1.2705e+04	2.6540e+00
1.2715e+04	1.7255e+00
1.2725e+04	6.9872e-01
1.2735e+04	1.2913e+00
1.2745e+04	1.4560e+00
1.2755e+04	9.7425e-01
1.2765e+04	2.2650e+00
1.2775e+04	1.7646e+00
1.2785e+04	1.8890e+00
1.2795e+04	8.1191e-01
1.2805e+04	2.4677e+00
1.2815e+04	2.1869e+00
1.2825e+04	1.7943e+00
1.2835e+04	1.3135e+00
1.2845e+04	1.4162e+00
1.2855e+04	1.2031e+00
1.2865e+04	3.0736e+00
1.2875e+04	7.4951e-01
1.2885e+04	2.8952e+00
1.2895e+04	4.1012e+00
1.2905e+04	6.0199e-01
1.2915e+04	1.3710e+00
1.2925e+04	1.2979e+00
1.2935e+04	1.1931e+00
1.2945e+04	1.0992e+00
1.2955e+04	1.2396e+00
1.2965e+04	7.6222e-01
1.2975e+04	1.6435e+00
1.2985e+04	1.6517e+00
1.2995e+04	1.8654e+00
1.3005e+04	1.5400e+00
1.3015e+04	1.5796e+00
1.3025e+04	3.8202e-01
1.3035e+04	7.7789e-01
1.3045e+04	2.9568e-01
1.3055e+04	1.2569e+00
1.3065e+04	3.2557e-01
1.3075e+04	2.2104e+00
1.3085e+04	1.0662e+00
1.3095e+04	1.8537e+00
1.3105e+04	1.0899e+00
1.3115e+04	5.3198e-01
1.3125e+04	7.1684e-01
1.3135e+04	1.2286e+00
1.3145e+04	1.0565e+00
1.3155e+04	2.3744e+00
1.3165e+04	9.8742e-01
1.3175e+04	8.2465e-01
1.3185e+04	1.3232e+00
1.3195e+04	1.3588e+00
1.3205e+04	7.5304e-01
1.3215e+04	1.1469e+00
1.3225e+04	7.5330e-01
1.3235e+04	6.1596e-01
1.3245e+04	2.2877e+00
1.3255e+04	1.3992e+00
1.3265e+04	5.0479e-01
1.3275e+04	7.7848e-01
1.3285e+04	6.1785e-01
1.3295e+04	9.7161e-01
1.3305e+04	1.1327e+00
1.3315e+04	1.9050e+00
1.3325e+04	1.0988e+00
1.3335e+04	1.3119e+00
1.3345e+04	1.8273e+00
1.3355e+04	5.2584e-01
1.3365e+04	1.6789e+00
1.3375e+04	5.2639e-01
1.3385e+04	1.5046e+00
1.3395e+04	1.4674e+00
1.3405e+04	1.5711e+00
1.3415e+04	1.2255e+00
1.3425e+04	1.1055e+00
1.3435e+04	8.3209e-01
1.3445e+04	2.4726e+00
1.3455e+04	6.3264e-01
1.3465e+04	3.5141e-01
1.3475e+04	5.0458e-01
1.3485e+04	6.9690e-01
1.3495e+04	1.5127e+00
1.3505e+04	1.2450e+00
1.3515e+04	7.9299e-01
1.3525e+04	6.1706e-02
1.3535e+04	2.6155e+00
1.3545e+04	6.1065e-01
1.3555e+04	1.3358e+00
1.3565e+04	1.6559e+00
1.3575e+04	1.3009e+00
1.3585e+04	1.2267e+00
1.3595e+04	7.9051e-01
1.3605e+04	2.8566e-01
1.3615e+04	1.4369e+00
1.3625e+04	5.3742e-01
1.3635e+04	2.8587e-01
1.3645e+04	3.3892e-01
1.3655e+04	4.8986e-01
1.3665e+04	9.5617e-01
1.3675e+04	1.1492e+00
1.3685e+04	3.4215e-01
1.3695e+04	8.6781e-01
1.3705e+04	6.6287e-01
1.3715e+04	5.5934e-01
1.3725e+04	6.5615e-01
1.3735e+04	3.1308e-01
1.3745e+04	9.3047e-01
1.3755e+04	2.2560e+00
1.3765e+04	1.0196e+00
1.3775e+04	1.2898e-01
1.3785e+04	1.0025e+00
1.3795e+04	7.6355e-01
1.3805e+04	1.2825e-01
1.3815e+04	4.4814e-01
1.3825e+04	7.5027e-01
1.3835e+04	6.3243e-01
1.3845e+04	3.6954e-01
1.3855e+04	9.9460e-01
1.3865e+04	8.2070e-01
1.3875e+04	9.1730e-01
1.3885e+04	7.1525e-01
1.3895e+04	3.6172e-01
1.3905e+04	1.0422e+00
1.3915e+04	6.0459e-01
1.3925e+04	1.8923e-01
1.3935e+04	1.1142e+00
1.3945e+04	4.6681e-01
1.3955e+04	3.9551e-01
1.3965e+04	1.2795e-01
1.3975e+04	1.0692e+00
1.3985e+04	9.0266e-01
1.3995e+04	5.2560e-01
1.4005e+04	7.2465e-01
1.4015e+04	1.0220e+00
1.4025e+04	7.4351e-01
1.4035e+04	7.2594e-01
1.4045e+04	8.5769e-01
1.4055e+04	6.5025e-01
1.4065e+04	1.3653e-01
1.4075e+04	3.7303e-01
1.4085e+04	7.2035e-01
1.4095e+04	1.4254e+00
1.4105e+04	1.8794e-01
1.4115e+04	1.8845e-01
1.4125e+04	7.8266e-01
1.4135e+04	8.3291e-02
1.4145e+04	3.8781e-01
1.4155e+04	4.0786e-01
1.4165e+04	6.0988e-01
1.4175e+04	2.1347e-01
1.4185e+04	1.1343e+00
1.4195e+04	6.3680e-01
1.4205e+04	1.0885e+00
1.4215e+04	1.0833e-02
1.4225e+04	4.7116e-01
1.4235e+04	1.8872e-01
1.4245e+04	2.9878e-01
1.4255e+04	1.1460e-01
1.4265e+04	6.1327e-01
1.4275e+04	3.8285e-01
1.4285e+04	2.0711e+00
1.4295e+04	3.8325e-01
1.4305e+04	3.2749e-01
1.4315e+04	3.8144e-01
1.4325e+04	3.7196e-01
1.4335e+04	7.7082e-01
1.4345e+04	4.3009e-01
1.4355e+04	7.9031e-01
1.4365e+04	3.0879e-01
1.4375e+04	8.3311e-01
1.4385e+04	5.6295e-01
1.4395e+04	9.4552e-01
1.4405e+04	5.7266e-01
1.4415e+04	4.9544e-01
1.4425e+04	7.1092e-02
1.4435e+04	4.1718e-01
1.4445e+04	5.5793e-01
1.4455e+04	1.6289e-01
1.4465e+04	5.3194e-01
1.4475e+04	4.6175e-01
1.4485e+04	7.5646e-01
1.4495e+04	4.7355e-01
1.4505e+04	8.3092e-01
1.4515e+04	2.3222e-01
1.4525e+04	6.4469e-01
1.4535e+04	1.8698e-01
1.4545e+04	3.3591e-01
1.4555e+04	3.3465e-01
1.4565e+04	3.7088e-01
1.4575e+04	5.2965e-01
1.4585e+04	1.0295e+00
1.4595e+04	5.0005e-01
1.4605e+04	2.3629e-02
1.4615e+04	2.9736e-01
1.4625e+04	5.6439e-01
1.4635e+04	2.0530e-01
1.4645e+04	8.4631e-02
1.4655e+04	9.6364e-01
1.4665e+04	7.1853e-01
1.4675e+04	1.1355e+00
1.4685e+04	1.0134e+00
1.4695e+04	6.0133e-02
1.4705e+04	1.0963e+00
1.4715e+04	2.4900e-01
1.4725e+04	6.2842e-01
1.4735e+04	5.3291e-01
1.4745e+04	9.9797e-02
1.4755e+04	6.3175e-01
1.4765e+04	2.9439e-01
1.4775e+04	7.9213e-01
1.4785e+04	7.4729e-01
1.4795e+04	1.7637e+00
1.4805e+04	6.6982e-01
1.4815e+04	4.9099e-01
1.4825e+04	7.1561e-01
1.4835e+04	8.5361e-01
1.4845e+04	1.0314e+00
1.4855e+04	1.6470e-01
1.4865e+04	3.7036e-01
1.4875e+04	7.2888e-01
1.4885e+04	4.8999e-01
1.4895e+04	6.8636e-02
1.4905e+04	9.0284e-01
1.4915e+04	1.6179e-01
1.4925e+04	7.6864e-01
1.4935e+04	1.4471e-01
1.4945e+04	9.9820e-02
1.4955e+04	1.0243e+00
1.4965e+04	2.9063e-01
1.4975e+04	1.0066e+00
1.4985e+04	4.3079e-01
1.4995e+04	3.1363e-01
1.5005e+04	8.0983e-01
